desc: I1 cache:         32768 B, 64 B, 8-way associative
desc: D1 cache:         32768 B, 64 B, 8-way associative
desc: LL cache:         3145728 B, 64 B, 12-way associative
cmd: ./test/packed 512 784 4608
events: Ir I1mr ILmr Dr D1mr DLmr Dw D1mw DLmw 
fl=/build/buildd/eglibc-2.19/csu/../csu/init-first.c
fn=_init
52 8 1 1 0 0 0 4 0 0
58 4 1 1 1 1 0 1 1 1
65 5 1 1 4 2 0 0 0 0
70 1 0 0 0 0 0 1 1 1
71 1 0 0 0 0 0 1 0 0
72 2 0 0 1 1 0 1 1 1
86 4 0 0 0 0 0 1 0 0
94 1 0 0 0 0 0 1 0 0
99 6 0 0 5 0 0 0 0 0
fl=/build/buildd/eglibc-2.19/csu/../sysdeps/generic/dl-hash.h
fn=_init
43 1 0 0 0 0 0 0 0 0
44 1 0 0 0 0 0 0 0 0
45 13 0 0 4 0 0 0 0 0
48 12 0 0 0 0 0 0 0 0
49 8 0 0 0 0 0 0 0 0
62 8 0 0 0 0 0 0 0 0
67 1 1 1 0 0 0 0 0 0
fl=/build/buildd/eglibc-2.19/csu/../sysdeps/unix/sysv/linux/x86_64/init-first.c
fn=_init
38 7 1 1 0 0 0 4 0 0
40 4 0 0 0 0 0 1 0 0
41 2 0 0 0 0 0 0 0 0
42 2 1 1 0 0 0 0 0 0
43 2 1 1 1 0 0 0 0 0
44 1 0 0 0 0 0 1 1 0
46 3 0 0 0 0 0 1 0 0
50 3 0 0 0 0 0 0 0 0
51 2 0 0 1 0 0 0 0 0
52 1 0 0 0 0 0 1 0 0
fl=/build/buildd/eglibc-2.19/csu/../sysdeps/x86_64/multiarch/init-arch.c
fn=__get_cpu_features
200 42 0 0 14 1 0 0 0 0
204 28 0 0 14 0 0 0 0 0
fn=__init_cpu_features
31 7 1 1 0 0 0 4 0 0
37 3 0 0 0 0 0 0 0 0
38 3 0 0 0 0 0 0 0 0
39 2 0 0 0 0 0 0 0 0
45 1 0 0 0 0 0 1 0 0
54 3 1 1 0 0 0 1 0 0
57 6 0 0 0 0 0 0 0 0
59 3 0 0 0 0 0 0 0 0
65 3 0 0 0 0 0 0 0 0
66 2 1 1 0 0 0 0 0 0
71 2 0 0 0 0 0 0 0 0
74 12 1 1 0 0 0 0 0 0
101 2 1 1 0 0 0 0 0 0
123 1 0 0 1 1 1 0 0 0
127 1 1 1 0 0 0 0 0 0
152 2 1 1 1 0 0 0 0 0
153 7 0 0 0 0 0 4 0 0
160 3 0 0 1 0 0 0 0 0
164 2 0 0 0 0 0 0 0 0
166 3 1 1 0 0 0 0 0 0
170 2 1 1 0 0 0 0 0 0
171 1 0 0 1 0 0 0 0 0
173 2 0 0 0 0 0 0 0 0
176 2 0 0 1 0 0 0 0 0
184 6 1 1 0 0 0 0 0 0
185 5 0 0 0 0 0 0 0 0
186 2 0 0 0 0 0 0 0 0
189 1 0 0 0 0 0 1 0 0
190 1 0 0 0 0 0 1 0 0
192 1 0 0 0 0 0 1 0 0
193 2 0 0 2 0 0 0 0 0
fl=/build/buildd/eglibc-2.19/csu/libc-start.c
fn=(below main)
133 10 1 1 0 0 0 8 0 0
137 7 2 2 1 0 0 1 0 0
219 2 0 0 0 0 0 0 0 0
220 4 0 0 0 0 0 1 0 0
242 6 0 0 2 0 0 0 0 0
245 2 0 0 0 0 0 0 0 0
246 5 1 1 4 0 0 1 0 0
250 4 0 0 2 1 0 0 0 0
265 2 0 0 0 0 0 0 0 0
274 2 0 0 0 0 0 1 0 0
275 2 1 1 0 0 0 0 0 0
280 2 0 0 1 1 0 1 0 0
281 2 0 0 1 0 0 1 0 0
284 2 0 0 0 0 0 1 0 0
287 6 0 0 5 0 0 1 0 0
fl=/build/buildd/eglibc-2.19/ctype/ctype-info.c
fn=__ctype_init
31 7 1 1 5 3 0 1 0 0
33 4 0 0 2 1 0 1 0 0
35 5 1 1 3 0 0 1 0 0
fl=/build/buildd/eglibc-2.19/debug/../libio/libioP.h
fn=__fprintf_chk
913 2 0 0 0 0 0 1 0 0
914 2 1 1 1 0 0 0 0 0
915 8 0 0 4 0 0 1 0 0
fl=/build/buildd/eglibc-2.19/debug/fprintf_chk.c
fn=__fprintf_chk
26 11 3 3 0 0 0 5 0 0
30 16 1 1 9 3 3 1 0 0
31 2 0 0 0 0 0 0 0 0
32 1 0 0 1 1 1 0 0 0
34 6 0 0 0 0 0 4 0 0
35 5 1 1 0 0 0 1 0 0
38 2 0 0 0 0 0 0 0 0
39 3 0 0 1 0 0 1 0 0
43 5 0 0 3 0 0 0 0 0
fl=/build/buildd/eglibc-2.19/elf/../elf/dl-runtime.c
fn=_dl_fixup
66 115 1 1 0 0 0 69 0 0
68 23 0 0 23 0 0 0 0 0
69 46 0 0 46 8 6 0 0 0
72 115 1 1 46 13 6 0 0 0
73 161 0 0 46 21 8 23 0 0
74 69 0 0 46 5 4 0 0 0
79 46 0 0 0 0 0 0 0 0
83 46 1 1 23 20 17 0 0 0
87 69 0 0 23 6 3 0 0 0
91 46 0 0 46 17 6 0 0 0
92 92 0 0 23 4 3 0 0 0
94 92 0 0 23 11 5 0 0 0
100 23 0 0 0 0 0 0 0 0
101 69 1 1 23 5 3 0 0 0
108 46 0 0 23 6 3 23 0 0
111 230 1 1 46 6 3 69 2 2
115 69 0 0 23 0 0 0 0 0
119 92 0 0 23 0 0 23 0 0
125 138 1 1 46 4 3 0 0 0
133 23 0 0 23 0 0 0 0 0
141 92 0 0 23 0 0 0 0 0
145 69 0 0 23 3 2 0 0 0
149 115 0 0 92 0 0 0 0 0
fl=/build/buildd/eglibc-2.19/elf/../elf/dl-sysdep.c
fn=_dl_sysdep_start
86 8 1 1 0 0 0 7 2 2
87 2 0 0 0 0 0 0 0 0
88 1 0 0 0 0 0 0 0 0
110 1 0 0 0 0 0 1 0 0
111 204 1 1 66 9 9 4 3 3
114 2 0 0 0 0 0 1 0 0
115 1 0 0 0 0 0 1 1 1
117 90 4 4 23 2 2 10 0 0
118 111 0 0 21 3 3 0 0 0
121 1 0 0 1 0 0 0 0 0
122 1 0 0 0 0 0 0 0 0
124 1 0 0 1 0 0 0 0 0
125 1 0 0 0 0 0 0 0 0
127 1 1 1 1 0 0 0 0 0
128 1 0 0 0 0 0 0 0 0
130 1 0 0 1 1 1 0 0 0
131 1 0 0 0 0 0 0 0 0
151 1 1 1 1 0 0 0 0 0
152 1 0 0 0 0 0 0 0 0
154 1 0 0 1 1 1 0 0 0
155 1 0 0 0 0 0 0 0 0
157 1 1 1 1 1 1 0 0 0
158 1 0 0 0 0 0 0 0 0
163 1 0 0 1 0 0 0 0 0
164 1 0 0 0 0 0 0 0 0
179 1 0 0 1 0 0 0 0 0
180 1 0 0 0 0 0 0 0 0
232 3 1 1 0 0 0 2 0 0
234 5 0 0 0 0 0 1 0 0
246 3 1 1 1 0 0 0 0 0
249 6 0 0 2 0 0 1 0 0
250 1 1 0 1 1 0 0 0 0
251 8 0 0 7 1 0 0 0 0
fn=_dl_sysdep_start_cleanup
256 1 1 1 1 0 0 0 0 0
fl=/build/buildd/eglibc-2.19/elf/../misc/sbrk.c
fn=sbrk
34 4 1 1 0 0 0 2 0 0
42 6 0 0 2 0 0 0 0 0
46 2 1 1 0 0 0 0 0 0
57 5 0 0 3 0 0 0 0 0
fl=/build/buildd/eglibc-2.19/elf/../sysdeps/unix/sysv/linux/dl-osinfo.h
fn=security_init
61 2 0 0 0 0 0 0 0 0
84 2 1 1 1 1 0 1 0 0
86 1 1 1 1 0 0 0 0 0
93 1 0 0 1 0 0 0 0 0
101 2 0 0 0 0 0 0 0 0
112 1 0 0 1 0 0 0 0 0
fl=/build/buildd/eglibc-2.19/elf/../sysdeps/unix/sysv/linux/dl-sysdep.c
fn=_dl_discover_osversion
45 7 1 1 0 0 0 6 0 0
47 3 0 0 1 0 0 0 0 0
87 5 1 1 0 0 0 1 1 1
102 1 0 0 0 0 0 0 0 0
106 1 0 0 0 0 0 0 0 0
107 1 0 0 0 0 0 0 0 0
109 12 1 1 3 1 1 0 0 0
111 6 0 0 0 0 0 0 0 0
113 17 0 0 4 0 0 0 0 0
115 1 0 0 0 0 0 0 0 0
116 2 0 0 0 0 0 0 0 0
119 3 0 0 0 0 0 0 0 0
120 3 0 0 0 0 0 0 0 0
121 3 0 0 0 0 0 0 0 0
123 13 1 1 0 0 0 0 0 0
128 2 0 0 0 0 0 0 0 0
132 8 0 0 7 0 0 0 0 0
fn=_dl_sysdep_start
35 2 0 0 0 0 0 1 0 0
fl=/build/buildd/eglibc-2.19/elf/../sysdeps/unix/sysv/linux/dl-vdso.c
fn=_dl_vdso_vsym
26 5 0 0 0 0 0 0 0 0
27 10 1 1 10 5 2 0 0 0
28 10 1 1 5 0 0 0 0 0
31 10 0 0 0 0 0 0 0 0
fl=/build/buildd/eglibc-2.19/elf/../sysdeps/unix/sysv/linux/x86_64/brk.c
fn=brk
28 1 0 0 0 0 0 0 0 0
31 7 1 1 0 0 0 1 1 1
33 2 0 0 0 0 0 0 0 0
39 1 0 0 0 0 0 0 0 0
40 1 0 0 1 0 0 0 0 0
fl=/build/buildd/eglibc-2.19/elf/../sysdeps/x86_64/dl-irel.h
fn=_dl_fixup
32 9 2 2 0 0 0 3 0 0
fl=/build/buildd/eglibc-2.19/elf/../sysdeps/x86_64/dl-machine.h
fn=_dl_fixup
210 23 0 0 0 0 0 23 0 0
fn=_dl_relocate_object
71 28 1 1 7 0 0 0 0 0
77 12 1 1 12 5 0 0 0 0
81 18 0 0 6 6 5 0 0 0
87 6 0 0 0 0 0 6 0 0
95 18 1 1 6 0 0 0 0 0
108 12 0 0 0 0 0 6 0 0
111 24 0 0 6 5 1 0 0 0
244 270 0 0 0 0 0 0 0 0
265 270 1 1 0 0 0 0 0 0
269 270 0 0 0 0 0 0 0 0
276 5502 10 10 1090 120 100 971 6 0
278 602 0 0 236 1 0 0 0 0
281 472 1 1 118 0 0 0 0 0
287 945 0 0 135 4 3 0 0 0
320 4 0 0 0 0 0 0 0 0
321 6 1 1 2 0 0 2 0 0
328 3 0 0 1 0 0 0 0 0
330 2 0 0 2 0 0 0 0 0
339 2 0 0 0 0 0 1 0 0
382 45 1 1 15 0 0 0 0 0
386 75 0 0 15 1 0 0 0 0
391 75 1 1 30 3 3 15 10 10
410 348 1 1 116 12 11 116 15 9
422 36 1 1 0 0 0 12 0 0
449 3 0 0 1 0 0 0 0 0
453 6 1 1 3 0 0 1 0 0
455 3 0 0 2 0 0 0 0 0
456 1 0 0 0 0 0 0 0 0
487 3795 0 0 1265 319 317 0 0 0
492 2530 1 1 0 0 0 0 0 0
493 3795 0 0 1265 158 158 1265 242 236
503 349 0 0 184 0 0 0 0 0
507 330 0 0 0 0 0 0 0 0
509 495 0 0 165 0 0 0 0 0
510 165 0 0 165 20 19 0 0 0
527 38 0 0 38 0 0 0 0 0
529 19 0 0 0 0 0 19 0 0
530 19 0 0 0 0 0 19 0 0
fn=_dl_start
58 3 0 0 1 1 1 0 0 0
241 9 0 0 0 0 0 0 0 0
269 18 0 0 0 0 0 0 0 0
278 36 0 0 18 2 2 0 0 0
281 36 0 0 9 5 5 0 0 0
287 55 0 0 9 2 2 0 0 0
391 9 1 1 9 1 1 0 0 0
400 9 0 0 0 0 0 9 2 2
492 20 0 0 10 1 1 0 0 0
493 30 0 0 10 1 1 10 2 2
fn=_dl_sysdep_start
200 5 0 0 2 1 1 0 0 0
fl=/build/buildd/eglibc-2.19/elf/../sysdeps/x86_64/dl-trampoline.S
fn=_dl_runtime_resolve
34 23 1 1 0 0 0 0 0 0
36 23 0 0 0 0 0 23 1 0
37 23 0 0 0 0 0 23 0 0
38 23 0 0 0 0 0 23 0 0
39 23 0 0 0 0 0 23 0 0
40 23 0 0 0 0 0 23 0 0
41 23 1 1 0 0 0 23 0 0
42 23 0 0 0 0 0 23 0 0
43 23 0 0 23 0 0 0 0 0
44 23 0 0 23 0 0 0 0 0
45 23 0 0 0 0 0 23 2 2
46 23 0 0 0 0 0 0 0 0
47 23 0 0 23 0 0 0 0 0
48 23 0 0 23 0 0 0 0 0
49 23 0 0 23 0 0 0 0 0
50 23 0 0 23 0 0 0 0 0
51 23 0 0 23 0 0 0 0 0
52 23 0 0 23 0 0 0 0 0
53 23 0 0 23 0 0 0 0 0
54 23 0 0 0 0 0 0 0 0
56 23 1 1 0 0 0 0 0 0
fl=/build/buildd/eglibc-2.19/elf/dl-addr.c
fn=_dl_addr
30 2 0 0 1 0 0 1 0 0
31 2 0 0 1 0 0 1 0 0
34 2 0 0 1 0 0 0 0 0
38 1 0 0 1 0 0 0 0 0
39 1 0 0 1 0 0 0 0 0
40 3 1 1 2 0 0 1 0 0
42 2 0 0 2 0 0 0 0 0
45 2 0 0 1 1 0 0 0 0
50 2029 0 0 2 0 0 0 0 0
52 1011 1 1 1011 63 17 0 0 0
53 2022 0 0 0 0 0 0 0 0
55 4927 0 0 905 0 0 0 0 0
61 11060 0 0 2212 472 422 0 0 0
63 8848 1 1 2212 0 0 0 0 0
64 16231 0 0 5080 354 317 0 0 0
69 2212 0 0 0 0 0 0 0 0
71 7647 1 1 2212 136 74 0 0 0
99 3 0 0 1 1 0 0 0 0
100 1 0 0 0 0 0 1 1 0
101 3 1 1 1 0 0 0 0 0
104 2 0 0 0 0 0 0 0 0
116 1 1 1 0 0 0 1 0 0
117 1 0 0 0 0 0 1 0 0
126 11 1 1 0 0 0 8 0 0
131 3 1 1 2 1 0 1 0 0
133 2 0 0 0 0 0 1 0 0
135 2 0 0 0 0 0 0 0 0
138 2 1 1 0 0 0 0 0 0
141 3 0 0 2 2 0 1 0 0
144 9 1 1 7 1 0 0 0 0
fl=/build/buildd/eglibc-2.19/elf/dl-altinit.c
fn=dlinit_alt
33 3 0 0 2 0 0 0 0 0
34 1 0 0 1 0 0 0 0 0
fl=/build/buildd/eglibc-2.19/elf/dl-cache.c
fn=_dl_cache_libcmp
138 108 1 1 72 28 28 0 0 0
139 408 0 0 0 0 0 0 0 0
141 597 0 0 0 0 0 0 0 0
143 209 0 0 0 0 0 0 0 0
149 15 1 1 0 0 0 0 0 0
150 10 0 0 0 0 0 0 0 0
151 20 0 0 5 0 0 0 0 0
153 25 1 1 5 1 1 0 0 0
155 10 0 0 0 0 0 0 0 0
161 388 1 1 0 0 0 0 0 0
163 714 0 0 326 2 2 0 0 0
164 31 0 0 0 0 0 0 0 0
167 163 0 0 0 0 0 0 0 0
168 163 0 0 0 0 0 0 0 0
171 10 0 0 0 0 0 0 0 0
172 72 0 0 36 0 0 0 0 0
fn=_dl_load_cache_lookup
182 32 1 1 0 0 0 24 0 0
190 8 0 0 4 0 0 0 0 0
193 12 0 0 4 0 0 0 0 0
196 5 1 1 0 0 0 1 0 0
204 5 0 0 1 0 0 0 0 0
205 6 1 1 0 0 0 1 0 0
209 1 0 0 0 0 0 1 0 0
212 4 0 0 1 0 0 0 0 0
215 2 0 0 0 0 0 1 0 0
216 3 0 0 0 0 0 0 0 0
217 5 1 1 0 0 0 1 0 0
219 2 0 0 0 0 0 0 0 0
238 12 0 0 3 0 0 0 0 0
244 12 1 1 4 0 0 0 0 0
253 20 0 0 8 0 0 4 0 0
259 16 0 0 0 0 0 8 0 0
263 28 1 1 8 0 0 8 0 0
264 24 0 0 12 0 0 0 0 0
278 837 9 9 112 26 26 40 0 0
294 8 1 1 4 0 0 0 0 0
299 36 0 0 28 0 0 0 0 0
fn=_dl_unload_cache
308 1 0 0 0 0 0 0 0 0
309 4 1 1 1 1 0 0 0 0
311 2 0 0 1 1 0 1 0 0
312 1 0 0 0 0 0 1 0 0
314 2 0 0 1 0 0 0 0 0
fl=/build/buildd/eglibc-2.19/elf/dl-debug.c
fn=_dl_debug_initialize
50 14 1 1 0 0 0 0 0 0
51 7 1 1 7 0 0 0 0 0
55 26 0 0 7 1 0 0 0 0
58 1 0 0 0 0 0 1 0 0
59 2 0 0 0 0 0 1 0 0
60 6 0 0 2 0 0 1 0 0
61 2 0 0 0 0 0 1 0 0
fn=_dl_debug_state
74 2 1 1 2 0 0 0 0 0
fl=/build/buildd/eglibc-2.19/elf/dl-deps.c
fn=_dl_map_object_deps
147 11 2 2 0 0 0 9 0 0
148 9 0 0 0 0 0 1 0 0
160 6 0 0 0 0 0 2 0 0
161 2 0 0 0 0 0 2 0 0
162 10 0 0 0 0 0 3 0 0
164 1 0 0 0 0 0 0 0 0
168 8 1 1 2 0 0 2 0 0
178 8 1 1 1 0 0 0 0 0
179 1 0 0 1 0 0 0 0 0
182 3 1 1 0 0 0 2 0 0
188 1 0 0 0 0 0 1 0 0
189 1 0 0 0 0 0 1 0 0
201 2 0 0 1 0 0 1 0 0
202 1 0 0 0 0 0 0 0 0
203 1 0 0 0 0 0 1 0 0
204 2 0 0 0 0 0 2 0 0
209 7 0 0 0 0 0 0 0 0
210 7 1 1 0 0 0 0 0 0
213 7 0 0 0 0 0 7 0 0
217 28 1 1 14 2 0 0 0 0
218 32 1 1 13 0 0 0 0 0
220 5 0 0 0 0 0 0 0 0
222 15 0 0 10 0 0 0 0 0
224 39 1 1 3 0 0 6 0 0
229 22 1 1 11 0 0 0 0 0
231 15 0 0 10 0 0 5 0 0
236 5 0 0 0 0 0 5 0 0
237 5 0 0 0 0 0 5 0 0
238 10 0 0 5 0 0 5 0 0
239 10 0 0 5 0 0 5 0 0
242 583 0 0 152 8 0 5 0 0
243 274 0 0 0 0 0 0 0 0
249 70 1 1 20 0 0 10 0 0
251 10 0 0 0 0 0 10 0 0
254 60 1 1 40 0 0 10 0 0
256 30 0 0 10 0 0 0 0 0
271 10 0 0 10 0 0 0 0 0
273 20 0 0 10 0 0 0 0 0
278 15 0 0 0 0 0 0 0 0
281 5 0 0 0 0 0 5 0 0
282 5 1 1 0 0 0 5 0 0
283 5 0 0 0 0 0 5 0 0
284 10 0 0 5 0 0 5 0 0
286 20 0 0 5 0 0 5 0 0
288 25 0 0 5 0 0 10 0 0
292 20 0 0 0 0 0 0 0 0
293 18 0 0 0 0 0 6 0 0
295 381 1 1 0 0 0 0 0 0
343 9 1 1 0 0 0 4 0 0
471 14 1 1 0 0 0 0 0 0
473 15 0 0 0 0 0 5 0 0
475 10 0 0 0 0 0 5 0 0
476 10 0 0 0 0 0 0 0 0
477 10 1 1 0 0 0 0 0 0
480 5 0 0 0 0 0 5 0 0
481 30 0 0 0 0 0 5 0 0
482 25 0 0 0 0 0 5 0 0
485 5 0 0 0 0 0 5 0 0
486 5 0 0 5 0 0 0 0 0
490 28 1 1 14 0 0 0 0 0
492 7 0 0 7 0 0 0 0 0
493 32 0 0 6 0 0 0 0 0
497 6 1 1 2 0 0 0 0 0
498 2 0 0 1 0 0 1 0 0
501 5 0 0 2 0 0 1 0 0
511 2 0 0 0 0 0 1 0 0
512 3 1 1 1 0 0 0 0 0
514 2 0 0 0 0 0 0 0 0
519 7 1 1 2 0 0 1 0 0
520 4 0 0 1 0 0 1 0 0
522 38 0 0 15 1 0 1 0 0
528 21 1 1 7 0 0 7 2 2
532 14 0 0 14 0 0 0 0 0
535 2 0 0 1 0 0 0 0 0
586 6 1 1 3 0 0 1 0 0
587 1 0 0 0 0 0 1 0 0
588 3 0 0 1 0 0 0 0 0
623 7 1 1 1 0 0 2 0 0
625 3 0 0 0 0 0 0 0 0
629 25 0 0 12 0 0 3 0 0
630 8 1 1 0 0 0 2 0 0
631 3 1 1 1 0 0 1 0 0
635 6 0 0 6 0 0 0 0 0
636 12 0 0 6 0 0 0 0 0
642 53 1 1 6 0 0 0 0 0
644 60 0 0 30 0 0 0 0 0
645 35 0 0 0 0 0 0 0 0
647 105 0 0 35 0 0 0 0 0
648 75 0 0 0 0 0 0 0 0
658 2 1 1 2 0 0 0 0 0
670 15 1 1 0 0 0 0 0 0
673 18 0 0 6 0 0 0 0 0
676 83 0 0 21 0 0 21 0 0
683 2 1 1 1 0 0 1 0 0
685 2 0 0 1 0 0 1 0 0
686 1 0 0 1 0 0 0 0 0
687 3 0 0 1 0 0 0 0 0
694 3 0 0 1 0 0 0 0 0
697 2 0 0 0 0 0 0 0 0
700 8 0 0 7 0 0 0 0 0
fn=openaux
60 20 1 1 0 0 0 10 0 0
63 100 1 1 40 0 0 20 1 1
64 20 0 0 10 0 0 0 0 0
67 10 0 0 10 0 0 0 0 0
68 20 0 0 20 0 0 0 0 0
fl=/build/buildd/eglibc-2.19/elf/dl-environ.c
fn=_dl_next_ld_env_entry
30 3 1 1 3 0 0 0 0 0
31 1 0 0 0 0 0 0 0 0
33 197 0 0 65 0 0 0 0 0
35 128 0 0 64 31 31 0 0 0
36 22 1 1 10 0 0 0 0 0
38 2 0 0 0 0 0 0 0 0
41 4 0 0 0 0 0 2 0 0
43 2 0 0 2 0 0 0 0 0
46 62 0 0 0 0 0 0 0 0
50 1 0 0 1 0 0 0 0 0
fl=/build/buildd/eglibc-2.19/elf/dl-error.c
fn=_dl_catch_error
163 44 1 1 0 0 0 33 0 0
175 22 0 0 0 0 0 22 3 3
176 22 0 0 0 0 0 22 0 0
177 22 0 0 0 0 0 22 0 0
178 22 0 0 0 0 0 11 0 0
180 22 0 0 11 0 0 22 1 1
181 22 0 0 11 0 0 11 0 0
182 22 1 1 0 0 0 11 0 0
185 66 0 0 0 0 0 11 0 0
187 33 0 0 22 0 0 11 0 0
188 33 0 0 22 0 0 11 0 0
189 22 0 0 11 0 0 11 0 0
190 22 1 1 11 0 0 11 0 0
191 22 0 0 11 0 0 11 0 0
199 44 0 0 22 0 0 0 0 0
fn=_dl_receive_error
205 10 1 1 0 0 0 6 0 0
206 2 0 0 1 0 0 1 0 0
210 1 0 0 1 0 0 0 0 0
211 1 0 0 1 0 0 0 0 0
214 1 0 0 0 0 0 1 0 0
215 1 0 0 0 0 0 1 0 0
217 2 0 0 0 0 0 1 0 0
219 1 1 1 0 0 0 1 0 0
220 1 0 0 0 0 0 1 0 0
221 8 0 0 7 0 0 0 0 0
fl=/build/buildd/eglibc-2.19/elf/dl-hwcaps.c
fn=_dl_important_hwcaps
39 12 1 1 0 0 0 10 2 2
41 1 0 0 1 0 0 0 0 0
42 4 0 0 0 0 0 1 0 0
51 3 1 1 1 0 0 0 0 0
61 4 1 1 1 0 0 1 0 0
92 2 1 1 0 0 0 0 0 0
113 1 1 1 0 0 0 0 0 0
115 5 0 0 0 0 0 1 0 0
130 6 0 0 0 0 0 0 0 0
131 2 0 0 0 0 0 0 0 0
133 2 0 0 0 0 0 0 0 0
145 2 1 1 0 0 0 0 0 0
162 2 1 1 0 0 0 0 0 0
170 2 1 1 1 0 0 0 0 0
172 4 0 0 1 0 0 1 0 0
173 4 1 1 1 0 0 1 0 0
177 3 0 0 0 0 0 1 0 0
178 1 0 0 0 0 0 1 0 0
181 2 0 0 0 0 0 0 0 0
184 2 0 0 0 0 0 0 0 0
188 12 1 1 2 0 0 3 0 0
189 2 0 0 0 0 0 0 0 0
207 12 2 2 1 0 0 6 0 0
208 5 0 0 0 0 0 1 0 0
209 4 0 0 2 0 0 0 0 0
238 3 0 0 0 0 0 2 0 0
241 2 0 0 0 0 0 0 0 0
243 5 2 2 2 0 0 2 0 0
244 7 0 0 2 0 0 4 0 0
269 19 2 2 3 0 0 0 0 0
270 8 0 0 0 0 0 4 0 0
274 12 0 0 0 0 0 0 0 0
277 28 0 0 0 0 0 0 0 0
278 24 1 1 0 0 0 0 0 0
279 12 0 0 8 0 0 0 0 0
281 4 0 0 0 0 0 0 0 0
284 3 0 0 1 0 0 0 0 0
285 1 0 0 0 0 0 0 0 0
286 12 2 2 3 0 0 0 0 0
299 6 0 0 2 0 0 2 0 0
300 2 0 0 0 0 0 0 0 0
302 4 0 0 0 0 0 0 0 0
305 3 0 0 2 0 0 1 0 0
307 1 0 0 0 0 0 0 0 0
308 8 0 0 7 0 0 0 0 0
fl=/build/buildd/eglibc-2.19/elf/dl-init.c
fn=_dl_init
36 47 2 2 8 0 0 7 0 0
86 11 2 2 0 0 0 6 0 0
87 1 0 0 1 1 0 0 0 0
88 1 0 0 1 0 0 0 0 0
91 3 0 0 1 0 0 0 0 0
94 2 0 0 0 0 0 1 0 0
98 4 0 0 1 0 0 0 0 0
125 24 0 0 0 0 0 0 0 0
126 21 0 0 14 1 0 0 0 0
132 8 0 0 7 0 0 0 0 0
fn=call_init.part.0
34 63 0 0 0 0 0 35 0 0
42 21 1 1 7 0 0 7 0 0
45 28 0 0 14 1 0 0 0 0
46 3 0 0 0 0 0 0 0 0
50 18 0 0 6 4 0 0 0 0
51 2 0 0 1 1 0 0 0 0
55 10 0 0 5 0 0 0 0 0
63 10 0 0 0 0 0 0 0 0
64 30 0 0 10 5 0 5 0 0
67 5 1 1 5 2 0 0 0 0
68 10 0 0 0 0 0 0 0 0
74 15 0 0 10 3 0 0 0 0
76 10 0 0 10 1 0 0 0 0
77 43 1 1 0 0 0 0 0 0
78 45 0 0 9 3 0 9 0 0
80 42 0 0 42 0 0 0 0 0
fl=/build/buildd/eglibc-2.19/elf/dl-load.c
fn=_dl_init_paths
714 9 1 1 0 0 0 6 0 0
727 6 1 1 2 0 0 2 0 0
731 1 0 0 0 0 0 1 0 0
732 3 0 0 0 0 0 1 0 0
733 2 0 0 0 0 0 0 0 0
740 5 1 1 0 0 0 0 0 0
741 5 0 0 1 0 0 2 0 0
744 1 0 0 0 0 0 1 0 0
745 2 0 0 0 0 0 1 0 0
747 3 0 0 1 0 0 0 0 0
753 1 0 0 0 0 0 1 0 0
754 1 0 0 0 0 0 1 0 0
762 13 0 0 0 0 0 3 1 1
764 8 1 1 0 0 0 4 0 0
765 7 1 1 0 0 0 4 3 3
767 8 0 0 0 0 0 4 0 0
768 14 0 0 3 1 1 4 1 1
769 33 0 0 4 0 0 13 0 0
772 9 1 1 3 1 1 0 0 0
776 27 1 1 15 0 0 5 0 0
782 1 1 1 0 0 0 1 1 1
783 1 0 0 0 0 0 1 0 0
787 1 1 1 1 0 0 0 0 0
788 2 0 0 0 0 0 0 0 0
790 4 0 0 1 0 0 0 0 0
792 3 0 0 1 0 0 0 0 0
809 1 0 0 0 0 0 1 0 0
811 3 1 1 1 0 0 0 0 0
825 2 1 1 0 0 0 1 0 0
830 4 2 2 1 0 0 0 0 0
838 5 0 0 0 0 0 1 0 0
840 11 1 1 0 0 0 2 0 0
856 2 0 0 0 0 0 0 0 0
857 106 1 1 35 0 0 0 0 0
859 34 0 0 0 0 0 0 0 0
860 102 0 0 0 0 0 0 0 0
861 34 0 0 0 0 0 0 0 0
864 1 0 0 0 0 0 1 0 0
865 1 0 0 0 0 0 1 0 0
866 2 0 0 0 0 0 0 0 0
872 8 0 0 1 0 0 2 0 0
876 3 1 1 2 0 0 0 0 0
882 1 0 0 0 0 0 1 0 0
886 8 0 0 7 0 0 0 0 0
fn=_dl_map_object
161 16 0 0 0 0 0 8 0 0
162 8 0 0 0 0 0 4 0 0
164 12 0 0 4 0 0 0 0 0
167 16 1 1 4 0 0 4 0 0
691 36 1 1 12 0 0 0 0 0
2317 110 2 2 0 0 0 88 1 1
2324 22 0 0 0 0 0 0 0 0
2325 22 0 0 11 1 1 0 0 0
2328 234 1 1 56 0 0 0 0 0
2333 153 0 0 51 0 0 0 0 0
2334 102 0 0 0 0 0 0 0 0
2336 261 0 0 0 0 0 51 1 1
2340 90 0 0 45 0 0 0 0 0
2341 135 1 1 45 0 0 0 0 0
2344 26 0 0 26 0 0 0 0 0
2345 52 0 0 52 0 0 0 0 0
2346 104 1 1 0 0 0 26 0 0
2362 10 1 1 5 0 0 0 0 0
2372 30 1 1 5 0 0 5 0 0
2396 5 0 0 0 0 0 5 1 1
2398 25 0 0 0 0 0 5 0 0
2402 16 1 1 0 0 0 8 0 0
2404 8 0 0 4 0 0 0 0 0
2411 16 1 1 4 0 0 0 0 0
2415 8 1 1 4 0 0 4 0 0
2416 12 0 0 0 0 0 4 0 0
2420 12 1 1 4 0 0 0 0 0
2421 4 0 0 0 0 0 0 0 0
2423 44 1 1 0 0 0 16 0 0
2435 16 1 1 12 0 0 0 0 0
2436 28 1 1 8 0 0 0 0 0
2437 4 1 1 0 0 0 0 0 0
2446 8 0 0 4 0 0 0 0 0
2447 72 1 1 8 0 0 16 0 0
2453 24 0 0 0 0 0 8 0 0
2454 4 1 1 0 0 0 0 0 0
2456 8 1 1 4 0 0 4 0 0
2462 16 0 0 0 0 0 4 0 0
2464 12 0 0 4 0 0 0 0 0
2468 12 0 0 0 0 0 8 0 0
2470 8 0 0 0 0 0 0 0 0
2474 12 1 1 4 0 0 0 0 0
2482 8 0 0 4 0 0 0 0 0
2504 36 1 1 8 0 0 4 0 0
2507 12 0 0 0 0 0 4 0 0
2509 4 0 0 0 0 0 4 0 0
2510 12 0 0 4 0 0 0 0 0
2530 8 1 1 4 0 0 0 0 0
2536 1 0 0 0 0 0 1 0 0
2538 6 0 0 0 0 0 1 0 0
2539 3 1 1 0 0 0 0 0 0
2540 1 0 0 0 0 0 0 0 0
2543 7 0 0 0 0 0 1 0 0
2546 2 0 0 0 0 0 0 0 0
2558 20 0 0 5 0 0 0 0 0
2560 10 1 1 0 0 0 0 0 0
2604 10 0 0 5 0 0 5 0 0
2605 60 1 1 10 0 0 20 0 0
2607 88 0 0 77 0 0 0 0 0
fn=_dl_map_object_from_fd
474 6 1 1 3 0 0 0 0 0
923 75 1 1 0 0 0 50 1 1
934 20 1 1 5 0 0 10 1 1
935 5 0 0 0 0 0 5 0 0
938 30 0 0 0 0 0 5 0 0
949 95 1 1 30 0 0 0 0 0
950 95 0 0 50 2 2 0 0 0
967 10 1 1 5 0 0 0 0 0
992 10 0 0 5 0 0 0 0 0
1002 10 1 1 5 0 0 0 0 0
1024 20 0 0 10 0 0 0 0 0
1056 10 0 0 0 0 0 0 0 0
1059 40 1 1 20 0 0 5 0 0
1060 10 0 0 0 0 0 0 0 0
1071 15 0 0 10 0 0 5 3 3
1072 15 0 0 10 0 0 5 0 0
1073 10 1 1 5 0 0 5 0 0
1075 25 0 0 0 0 0 0 0 0
1076 20 0 0 10 0 0 0 0 0
1077 5 0 0 0 0 0 0 0 0
1092 5 1 1 0 0 0 5 0 0
1101 60 1 1 10 0 0 15 0 0
1102 5 0 0 0 0 0 0 0 0
1103 5 0 0 0 0 0 0 0 0
1109 359 0 0 0 0 0 0 0 0
1110 341 2 2 43 0 0 0 0 0
1116 10 0 0 5 0 0 5 0 0
1117 15 0 0 5 0 0 5 0 0
1118 5 0 0 0 0 0 0 0 0
1121 6 0 0 3 0 0 3 1 1
1122 3 0 0 0 0 0 0 0 0
1127 50 2 2 20 0 0 0 0 0
1133 60 0 0 20 0 0 0 0 0
1134 10 0 0 0 0 0 0 0 0
1141 50 0 0 10 0 0 0 0 0
1142 40 0 0 0 0 0 10 3 3
1143 30 0 0 10 0 0 0 0 0
1144 20 0 0 0 0 0 10 0 0
1145 10 0 0 0 0 0 10 0 0
1146 20 1 1 10 0 0 10 1 1
1147 20 0 0 0 0 0 10 0 0
1151 20 0 0 0 0 0 0 0 0
1152 15 0 0 5 0 0 0 0 0
1157 70 1 1 10 0 0 10 2 2
1167 10 0 0 0 0 0 0 0 0
1170 6 0 0 2 0 0 0 0 0
1174 2 0 0 0 0 0 2 2 2
1175 4 1 1 2 0 0 2 0 0
1176 4 0 0 0 0 0 0 0 0
1177 2 0 0 0 0 0 0 0 0
1179 6 0 0 2 0 0 2 0 0
1180 4 0 0 2 0 0 2 1 1
1183 4 0 0 2 0 0 2 0 0
1187 8 0 0 2 0 0 0 0 0
1193 6 0 0 2 0 0 4 1 1
1194 2 0 0 0 0 0 0 0 0
1198 20 0 0 5 0 0 5 0 0
1206 25 0 0 0 0 0 0 0 0
1250 10 1 1 5 0 0 5 0 0
1251 20 0 0 0 0 0 0 0 0
1254 10 1 1 5 0 0 5 1 1
1255 15 0 0 10 0 0 5 0 0
1256 5 0 0 0 0 0 0 0 0
1259 15 0 0 0 0 0 0 0 0
1272 40 1 1 25 0 0 5 0 0
1274 10 0 0 5 0 0 0 0 0
1288 5 0 0 5 0 0 0 0 0
1293 35 1 1 20 0 0 10 3 3
1297 10 0 0 0 0 0 0 0 0
1304 15 0 0 5 0 0 5 0 0
1305 15 1 1 10 0 0 5 0 0
1307 10 0 0 0 0 0 0 0 0
1313 30 0 0 5 0 0 5 0 0
1314 5 1 1 5 0 0 0 0 0
1317 5 0 0 5 0 0 0 0 0
1319 5 0 0 5 0 0 0 0 0
1340 50 0 0 10 0 0 0 0 0
1342 20 1 1 10 0 0 0 0 0
1344 50 0 0 20 0 0 5 0 0
1352 30 0 0 10 0 0 0 0 0
1353 15 1 1 10 0 0 5 0 0
1355 20 0 0 10 0 0 0 0 0
1356 10 1 1 6 0 0 0 0 0
1357 12 0 0 4 0 0 0 0 0
1358 10 1 1 2 0 0 0 0 0
1360 8 0 0 0 0 0 2 0 0
1363 40 0 0 20 0 0 0 0 0
1369 10 0 0 5 0 0 0 0 0
1370 5 0 0 0 0 0 0 0 0
1371 25 0 0 5 0 0 0 0 0
1372 10 1 1 0 0 0 0 0 0
1379 10 0 0 0 0 0 0 0 0
1382 10 0 0 0 0 0 0 0 0
1393 35 0 0 0 0 0 15 0 0
1394 25 0 0 15 0 0 0 0 0
1399 10 0 0 0 0 0 0 0 0
1403 16 0 0 2 0 0 2 0 0
1406 4 0 0 0 0 0 0 0 0
1414 10 1 1 0 0 0 0 0 0
1418 20 1 1 10 0 0 0 0 0
1427 15 0 0 5 0 0 5 0 0
1433 10 0 0 0 0 0 0 0 0
1449 15 1 1 5 0 0 0 0 0
1468 10 0 0 5 0 0 5 0 0
1470 25 0 0 10 0 0 0 0 0
1525 15 0 0 5 3 3 0 0 0
1526 4 0 0 2 0 0 2 0 0
1529 20 1 1 5 0 0 5 0 0
1537 35 1 1 5 0 0 0 0 0
1540 20 1 1 10 0 0 5 0 0
1542 10 0 0 5 0 0 0 0 0
1558 10 0 0 0 0 0 5 0 0
1562 10 0 0 5 0 0 0 0 0
1563 10 0 0 5 0 0 0 0 0
1580 10 1 1 5 0 0 0 0 0
1581 2 0 0 0 0 0 2 0 0
1584 10 0 0 5 0 0 5 0 0
1585 10 0 0 5 0 0 5 0 0
1589 10 0 0 5 0 0 0 0 0
1599 15 1 1 5 0 0 5 0 0
1603 20 0 0 5 0 0 0 0 0
1623 40 0 0 35 0 0 0 0 0
fn=expand_dynamic_string_token
161 12 0 0 0 0 0 4 0 0
162 8 1 1 0 0 0 4 0 0
164 8 0 0 0 0 0 0 0 0
167 16 0 0 0 0 0 0 0 0
415 32 1 1 0 0 0 20 0 0
425 20 0 0 0 0 0 4 1 1
440 20 0 0 20 0 0 0 0 0
fn=fillin_rpath
486 17 1 1 0 0 0 12 0 0
488 1 0 0 0 0 0 0 0 0
491 13 1 1 0 0 0 4 0 0
495 15 0 0 3 0 0 3 0 0
497 9 0 0 0 0 0 3 0 0
501 6 0 0 0 0 0 0 0 0
504 1 1 1 0 0 0 0 0 0
508 16 1 1 2 0 0 0 0 0
513 4 0 0 0 0 0 2 0 0
516 13 1 1 3 0 0 0 0 0
523 63 0 0 18 0 0 3 0 0
524 30 0 0 15 0 0 0 0 0
542 12 2 2 3 0 0 3 0 0
545 6 0 0 0 0 0 3 0 0
546 12 1 1 6 0 0 3 0 0
547 12 0 0 0 0 0 6 0 0
548 12 1 1 6 0 0 0 0 0
552 3 0 0 0 0 0 3 1 1
553 3 0 0 0 0 0 0 0 0
554 15 0 0 0 0 0 9 1 1
555 3 0 0 0 0 0 3 0 0
557 9 0 0 6 0 0 0 0 0
563 12 1 1 3 1 1 0 0 0
564 42 0 0 0 0 0 0 0 0
565 30 1 1 0 0 0 6 0 0
567 6 0 0 3 0 0 3 0 0
568 6 0 0 3 0 0 0 0 0
573 6 1 1 0 0 0 3 0 0
575 6 1 1 3 0 0 3 0 0
576 3 0 0 0 0 0 3 0 0
579 9 0 0 0 0 0 3 1 1
581 12 0 0 6 0 0 3 0 0
585 1 0 0 0 0 0 1 0 0
588 9 0 0 7 0 0 0 0 0
fn=open_path
2168 56 2 2 0 0 0 48 0 0
2169 8 0 0 4 0 0 4 0 0
2172 4 0 0 0 0 0 4 0 0
2173 4 1 1 0 0 0 4 0 0
2175 8 0 0 0 0 0 0 0 0
2180 32 0 0 8 0 0 0 0 0
2183 12 0 0 12 0 0 0 0 0
2187 24 0 0 0 0 0 0 0 0
2192 24 0 0 12 0 0 0 0 0
2199 60 0 0 24 0 0 24 0 0
2200 244 1 1 34 0 0 0 0 0
2203 96 1 1 48 0 0 0 0 0
2207 390 1 1 180 0 0 60 0 0
2210 30 0 0 0 0 0 0 0 0
2213 60 0 0 30 0 0 0 0 0
2216 210 1 1 120 0 0 30 0 0
2218 90 0 0 30 0 0 0 0 0
2220 16 0 0 0 0 0 0 0 0
2225 16 1 1 8 0 0 0 0 0
2226 72 0 0 32 0 0 0 0 0
2232 44 1 1 12 0 0 12 0 0
2234 48 1 1 8 0 0 8 0 0
2235 4 0 0 2 0 0 0 0 0
2237 42 0 0 8 0 0 8 0 0
2244 104 0 0 0 0 0 0 0 0
2246 66 0 0 0 0 0 0 0 0
2254 8 0 0 0 0 0 4 0 0
2282 4 0 0 0 0 0 0 0 0
2285 60 1 1 12 0 0 0 0 0
2290 12 1 1 12 0 0 0 0 0
2292 48 0 0 36 0 0 0 0 0
2295 12 0 0 4 0 0 0 0 0
2309 38 1 1 28 0 0 0 0 0
fn=open_verify
1873 12 2 2 0 0 0 8 0 0
1909 3 0 0 1 0 0 0 0 0
1930 5 0 0 1 0 0 2 0 0
1931 2 0 0 0 0 0 0 0 0
1941 1 1 1 0 0 0 1 0 0
1942 2 0 0 0 0 0 1 0 0
1947 6 0 0 1 0 0 1 0 0
1949 2 0 0 0 0 0 0 0 0
1951 3 0 0 1 0 0 1 0 0
1953 2 0 0 0 0 0 0 0 0
1959 2 1 1 0 0 0 0 0 0
1975 11 0 0 0 0 0 1 0 0
1977 1 0 0 1 0 0 0 0 0
1979 4 1 1 0 0 0 1 0 0
2006 3 1 1 2 0 0 0 0 0
2050 2 0 0 1 1 1 0 0 0
2055 2 0 0 1 0 0 0 0 0
2058 4 0 0 1 0 0 0 0 0
2063 2 1 1 1 0 0 0 0 0
2070 5 0 0 1 0 0 0 0 0
2071 4 0 0 1 0 0 0 0 0
2072 1 0 0 0 0 0 0 0 0
2087 61 0 0 0 0 0 0 0 0
2089 19 1 1 9 5 5 0 0 0
2093 4 1 1 2 0 0 0 0 0
2094 2 0 0 0 0 0 0 0 0
2103 6 1 1 0 0 0 1 0 0
2106 1 0 0 0 0 0 0 0 0
2107 3 0 0 1 0 0 0 0 0
2108 3 0 0 1 0 0 0 0 0
2110 3 0 0 0 0 0 0 0 0
2154 8 0 0 7 0 0 0 0 0
fn=open_verify.constprop.6
1871 374 2 2 0 0 0 238 3 3
1909 102 0 0 34 0 0 0 0 0
1930 170 0 0 34 0 0 68 0 0
1931 68 0 0 0 0 0 0 0 0
1941 4 0 0 0 0 0 4 0 0
1942 8 0 0 0 0 0 4 0 0
1947 24 1 1 4 0 0 4 0 0
1949 8 0 0 0 0 0 0 0 0
1951 12 0 0 4 0 0 4 0 0
1953 8 0 0 0 0 0 0 0 0
1959 8 0 0 0 0 0 0 0 0
1975 44 1 1 0 0 0 4 0 0
1977 4 0 0 4 0 0 0 0 0
1979 16 0 0 0 0 0 4 0 0
2005 2 1 1 1 0 0 0 0 0
2050 8 1 1 4 0 0 0 0 0
2055 8 0 0 4 0 0 0 0 0
2058 16 0 0 4 0 0 0 0 0
2063 8 0 0 4 0 0 0 0 0
2070 28 1 1 4 0 0 0 0 0
2071 16 0 0 4 0 0 0 0 0
2072 4 0 0 0 0 0 0 0 0
2087 205 0 0 1 0 0 0 0 0
2089 72 1 1 34 0 0 0 0 0
2093 16 1 1 8 0 0 0 0 0
2094 8 0 0 0 0 0 0 0 0
2103 42 1 1 0 0 0 7 0 0
2106 4 0 0 0 0 0 0 0 0
2107 12 0 0 4 0 0 0 0 0
2108 12 0 0 4 0 0 0 0 0
2110 12 0 0 0 0 0 0 0 0
2115 3 0 0 0 0 0 0 0 0
2116 3 0 0 0 0 0 0 0 0
2119 6 0 0 0 0 0 0 0 0
2122 9 0 0 3 0 0 0 0 0
2123 15 0 0 3 0 0 0 0 0
2124 6 0 0 3 0 0 0 0 0
2125 9 0 0 3 0 0 0 0 0
2126 18 0 0 6 0 0 0 0 0
2131 30 1 1 0 0 0 0 0 0
2154 272 1 1 238 0 0 0 0 0
fl=/build/buildd/eglibc-2.19/elf/dl-lookup.c
fn=_dl_lookup_symbol_x
475 282 0 0 0 0 0 0 0 0
476 8746 2 2 2116 123 118 141 0 0
477 7900 0 0 0 0 0 0 0 0
714 1974 1 1 0 0 0 1128 9 4
716 282 0 0 0 0 0 141 1 0
717 282 0 0 0 0 0 282 0 0
720 141 0 0 141 5 3 0 0 0
724 524 1 1 121 0 0 0 0 0
728 282 0 0 0 0 0 141 0 0
729 282 0 0 141 0 0 0 0 0
731 282 0 0 282 9 3 0 0 0
735 1196 1 1 17 0 0 282 0 0
737 1833 1 1 846 0 0 987 6 4
740 282 0 0 0 0 0 0 0 0
743 17 0 0 0 0 0 0 0 0
766 282 1 1 141 0 0 0 0 0
768 119 1 1 34 0 0 0 0 0
784 17 0 0 0 0 0 17 0 0
785 34 1 1 0 0 0 0 0 0
788 124 0 0 124 0 0 0 0 0
789 868 0 0 248 0 0 0 0 0
815 124 0 0 0 0 0 0 0 0
824 620 0 0 124 0 0 0 0 0
838 372 1 1 124 11 4 0 0 0
839 2 1 1 0 0 0 1 0 0
841 496 0 0 248 0 0 0 0 0
846 124 0 0 0 0 0 124 0 0
848 1128 0 0 987 0 0 0 0 0
fn=_dl_setup_hash
859 21 1 1 7 0 0 0 0 0
863 7 0 0 7 0 0 0 0 0
867 14 0 0 7 7 7 7 1 1
868 7 0 0 7 0 0 0 0 0
869 7 0 0 7 1 1 0 0 0
871 21 1 1 0 0 0 0 0 0
872 7 0 0 0 0 0 7 0 0
873 21 0 0 7 0 0 7 0 0
875 7 0 0 0 0 0 7 0 0
876 14 0 0 0 0 0 0 0 0
878 7 0 0 0 0 0 7 0 0
879 7 0 0 0 0 0 0 0 0
880 28 1 1 0 0 0 7 0 0
881 7 0 0 7 0 0 0 0 0
fn=check_match.9458
131 868 1 1 0 0 0 496 1 0
132 248 1 1 124 39 28 0 0 0
134 496 0 0 248 13 12 0 0 0
136 372 0 0 124 0 0 0 0 0
146 372 0 0 124 0 0 124 8 4
149 560 0 0 280 0 0 52 1 0
153 248 0 0 248 4 3 0 0 0
154 372 1 1 124 0 0 0 0 0
156 242 0 0 0 0 0 0 0 0
175 242 0 0 242 31 15 0 0 0
176 968 1 1 363 18 8 0 0 0
177 605 1 1 242 4 1 121 0 0
204 6 1 1 0 0 0 0 0 0
206 18 0 0 6 0 0 0 0 0
207 12 0 0 3 0 0 0 0 0
222 868 0 0 620 0 0 0 0 0
fn=do_lookup_x
77 1128 1 1 423 0 0 705 6 4
82 1692 2 2 282 0 0 987 10 5
83 141 0 0 141 1 0 0 0 0
89 141 0 0 141 0 0 0 0 0
95 833 0 0 0 0 0 833 0 0
96 833 0 0 0 0 0 833 0 0
98 2499 1 1 1666 37 21 833 0 0
101 1666 0 0 0 0 0 0 0 0
105 1678 0 0 839 0 0 0 0 0
109 1664 0 0 832 31 18 0 0 0
113 1664 0 0 832 4 2 0 0 0
119 2496 1 1 832 22 12 0 0 0
123 1664 0 0 1664 57 30 0 0 0
124 2496 0 0 1664 1 0 832 0 0
225 832 0 0 832 0 0 0 0 0
226 1664 0 0 0 0 0 0 0 0
228 832 0 0 832 105 72 0 0 0
229 282 0 0 0 0 0 0 0 0
230 1664 0 0 832 0 0 0 0 0
232 564 0 0 0 0 0 0 0 0
233 3328 1 1 832 0 0 0 0 0
236 3328 0 0 0 0 0 0 0 0
237 2496 0 0 0 0 0 0 0 0
239 298 0 0 298 95 74 0 0 0
240 596 1 1 0 0 0 0 0 0
241 298 0 0 0 0 0 0 0 0
243 414 0 0 138 0 0 0 0 0
246 1325 1 1 265 98 82 0 0 0
248 992 1 1 248 0 0 248 0 0
249 992 0 0 0 0 0 620 0 0
250 620 0 0 372 0 0 0 0 0
253 423 0 0 0 0 0 0 0 0
257 708 0 0 0 0 0 708 0 0
281 1416 0 0 708 0 0 0 0 0
286 940 0 0 124 0 0 0 0 0
290 287 1 1 13 2 1 124 0 0
303 248 0 0 124 0 0 124 0 0
304 248 0 0 124 0 0 124 0 0
305 124 1 1 0 0 0 0 0 0
461 3876 1 1 1292 0 0 0 0 0
462 2288 0 0 832 0 0 832 3 2
465 2127 1 1 0 0 0 0 0 0
468 34 0 0 0 0 0 0 0 0
469 1128 0 0 987 0 0 0 0 0
fl=/build/buildd/eglibc-2.19/elf/dl-minimal.c
fn=__libc_memalign
51 164 1 1 0 0 0 82 1 1
52 203 0 0 81 0 0 0 0 0
57 3 0 0 0 0 0 1 0 0
58 3 1 1 1 0 0 0 0 0
59 1 0 0 0 0 0 0 0 0
63 123 1 1 0 0 0 41 0 0
64 41 0 0 0 0 0 0 0 0
66 271 0 0 0 0 0 0 0 0
70 16 0 0 4 0 0 0 0 0
71 12 1 1 0 0 0 0 0 0
77 28 0 0 0 0 0 4 0 0
79 20 0 0 8 0 0 0 0 0
83 12 0 0 0 0 0 4 0 0
86 41 0 0 0 0 0 41 0 0
87 41 0 0 0 0 0 41 0 0
89 316 0 0 123 0 0 0 0 0
fn=calloc
102 14 1 1 0 0 0 0 0 0
106 14 0 0 0 0 0 0 0 0
109 70 0 0 0 0 0 0 0 0
113 14 0 0 0 0 0 0 0 0
fn=free
119 6 0 0 0 0 0 3 0 0
121 6 1 1 3 0 0 0 0 0
128 6 0 0 6 0 0 0 0 0
fn=malloc
93 40 1 1 0 0 0 0 0 0
94 80 0 0 0 0 0 0 0 0
fn=strsep
338 12 1 1 6 0 0 0 0 0
340 6 0 0 6 0 0 0 0 0
341 12 0 0 0 0 0 0 0 0
345 421 1 1 83 0 0 0 0 0
350 320 0 0 160 0 0 0 0 0
352 474 0 0 158 0 0 0 0 0
354 4 0 0 0 0 0 0 0 0
356 4 1 1 0 0 0 2 0 0
357 2 0 0 0 0 0 0 0 0
360 79 0 0 0 0 0 0 0 0
363 4 0 0 0 0 0 4 0 0
367 6 0 0 6 0 0 0 0 0
fl=/build/buildd/eglibc-2.19/elf/dl-misc.c
fn=_dl_name_match_p
288 1545 1 1 0 0 0 618 4 3
289 1236 0 0 309 5 3 309 1 1
290 324 0 0 0 0 0 0 0 0
292 309 0 0 309 0 0 0 0 0
294 1232 0 0 0 0 0 0 0 0
295 1610 1 1 322 25 12 322 0 0
298 307 0 0 307 0 0 0 0 0
300 294 0 0 0 0 0 0 0 0
301 1545 0 0 927 0 0 0 0 0
fn=_dl_sysdep_read_whole_file
45 7 2 2 0 0 0 4 0 0
46 1 0 0 0 0 0 0 0 0
52 4 0 0 0 0 0 1 0 0
53 2 0 0 0 0 0 0 0 0
55 6 0 0 0 0 0 1 0 0
57 2 0 0 1 0 0 1 1 1
60 2 0 0 0 0 0 0 0 0
62 8 1 1 0 0 0 1 0 0
73 2 0 0 0 0 0 1 0 0
76 7 0 0 5 0 0 0 0 0
fl=/build/buildd/eglibc-2.19/elf/dl-object.c
fn=_dl_add_to_namespace_list
32 30 1 1 0 0 0 12 0 0
34 12 0 0 6 0 0 6 0 0
36 43 1 1 6 0 0 0 0 0
39 60 0 0 20 0 0 0 0 0
40 15 0 0 0 0 0 0 0 0
41 5 0 0 0 0 0 5 0 0
43 5 0 0 0 0 0 5 0 0
46 2 0 0 0 0 0 1 0 0
47 18 0 0 6 0 0 0 0 0
48 12 0 0 6 0 0 6 0 0
49 12 0 0 0 0 0 6 0 0
51 18 0 0 6 0 0 0 0 0
52 18 0 0 12 0 0 0 0 0
fn=_dl_new_object
61 84 2 2 0 0 0 60 1 1
62 30 0 0 0 0 0 6 0 0
68 72 1 1 12 0 0 0 0 0
75 30 0 0 0 0 0 12 0 0
78 12 0 0 0 0 0 0 0 0
81 6 0 0 0 0 0 6 5 5
82 12 0 0 0 0 0 6 6 6
86 12 0 0 0 0 0 6 2 2
87 30 1 1 12 0 0 12 3 3
89 6 0 0 0 0 0 6 0 0
97 30 0 0 12 0 0 6 0 0
98 36 1 1 12 6 6 6 0 0
101 12 0 0 6 0 0 0 0 0
102 13 1 1 0 0 0 6 6 6
103 6 0 0 0 0 0 6 1 1
107 6 0 0 0 0 0 6 0 0
110 49 1 1 0 0 0 0 0 0
112 32 0 0 0 0 0 16 5 5
122 12 0 0 0 0 0 6 1 1
123 6 0 0 0 0 0 6 6 6
126 6 0 0 0 0 0 0 0 0
128 36 1 1 6 0 0 0 0 0
130 15 0 0 0 0 0 5 2 2
133 13 0 0 0 0 0 0 0 0
137 15 0 0 5 0 0 0 0 0
141 33 0 0 5 0 0 0 0 0
143 1 1 1 0 0 0 0 0 0
149 1 0 0 0 0 0 1 1 1
152 12 0 0 0 0 0 6 1 1
155 30 0 0 12 0 0 0 0 0
157 25 0 0 5 0 0 10 0 0
161 25 1 1 0 0 0 0 0 0
165 15 2 2 0 0 0 5 0 0
166 20 0 0 0 0 0 0 0 0
211 20 0 0 10 0 0 5 0 0
216 163 0 0 0 0 0 0 0 0
217 178 0 0 84 0 0 0 0 0
222 10 0 0 0 0 0 5 0 0
225 10 1 1 0 0 0 5 0 0
229 48 1 1 42 0 0 0 0 0
fl=/build/buildd/eglibc-2.19/elf/dl-open.c
fn=_dl_find_dso_for_object
182 5 1 1 1 0 0 0 0 0
183 19 2 2 6 1 0 0 0 0
184 24 0 0 12 1 0 0 0 0
185 2 0 0 1 0 0 0 0 0
188 2 1 1 1 0 0 0 0 0
192 1 0 0 1 0 0 0 0 0
fl=/build/buildd/eglibc-2.19/elf/dl-reloc.c
fn=_dl_relocate_object
154 84 1 1 0 0 0 56 0 0
161 7 0 0 0 0 0 7 0 0
164 14 0 0 0 0 0 0 0 0
165 35 1 1 0 0 0 21 0 0
169 14 0 0 0 0 0 0 0 0
170 28 1 1 14 1 0 0 0 0
176 14 0 0 7 0 0 0 0 0
182 21 0 0 7 0 0 0 0 0
183 14 1 1 7 6 0 0 0 0
186 14 1 1 7 0 0 0 0 0
193 14 0 0 7 3 0 0 0 0
238 21 0 0 14 0 0 7 0 0
264 414 3 3 146 22 1 95 0 0
267 21 1 1 7 0 0 0 0 0
295 7 0 0 7 0 0 0 0 0
298 14 0 0 7 0 0 0 0 0
315 21 0 0 7 4 0 0 0 0
317 56 0 0 49 1 0 0 0 0
323 28 1 1 14 0 0 0 0 0
324 14 0 0 7 0 0 0 0 0
325 14 0 0 0 0 0 0 0 0
328 14 0 0 0 0 0 0 0 0
329 35 1 1 0 0 0 7 0 0
fl=/build/buildd/eglibc-2.19/elf/dl-tls.c
fn=_dl_add_to_slotinfo
831 8 1 1 0 0 0 6 0 0
837 4 1 1 2 0 0 0 0 0
840 2 0 0 2 1 0 0 0 0
845 10 0 0 2 0 0 0 0 0
886 2 0 0 0 0 0 2 1 0
887 6 1 1 2 2 0 2 0 0
888 8 0 0 8 0 0 0 0 0
fn=_dl_allocate_tls_init
376 8 1 1 0 0 0 7 0 0
377 2 0 0 0 0 0 0 0 0
381 3 0 0 2 0 0 1 0 0
383 1 0 0 0 0 0 0 0 0
384 1 0 0 0 0 0 0 0 0
389 3 0 0 1 0 0 1 0 0
394 17 1 1 2 0 0 0 0 0
400 11 0 0 0 0 0 0 0 0
403 2 1 1 2 0 0 0 0 0
404 4 0 0 0 0 0 0 0 0
410 6 0 0 2 0 0 0 0 0
412 4 0 0 0 0 0 0 0 0
413 4 0 0 2 0 0 0 0 0
422 4 1 1 2 0 0 0 0 0
423 8 0 0 4 1 0 0 0 0
425 4 0 0 0 0 0 0 0 0
426 4 1 1 2 0 0 0 0 0
434 8 0 0 2 0 0 2 1 0
435 2 0 0 0 0 0 2 0 0
436 22 0 0 8 0 0 4 0 0
450 2 1 1 1 0 0 1 0 0
452 1 0 0 1 0 0 0 0 0
453 8 1 1 7 0 0 0 0 0
fn=_dl_allocate_tls_storage
295 2 0 0 1 0 0 0 0 0
296 3 1 1 0 0 0 1 0 0
297 2 0 0 0 0 0 0 0 0
300 1 0 0 0 0 0 1 1 1
306 2 0 0 0 0 0 1 0 0
328 3 1 1 0 0 0 3 0 0
330 1 0 0 1 0 0 0 0 0
341 4 0 0 1 0 0 1 0 0
342 2 0 0 0 0 0 0 0 0
349 1 0 0 0 0 0 0 0 0
353 306 1 1 0 0 0 288 36 36
370 5 0 0 4 0 0 0 0 0
fn=_dl_determine_tlsoffset
112 7 1 1 0 0 0 6 0 0
113 2 1 1 0 0 0 0 0 0
114 1 0 0 0 0 0 0 0 0
115 1 0 0 0 0 0 0 0 0
118 3 1 1 1 0 0 0 0 0
121 2 0 0 1 0 0 0 0 0
123 1 0 0 0 0 0 0 0 0
155 1 0 0 0 0 0 0 0 0
157 16 0 0 3 0 0 0 0 0
159 5 0 0 1 0 0 0 0 0
161 6 0 0 2 0 0 0 0 0
162 4 1 1 2 0 0 0 0 0
164 4 0 0 0 0 0 0 0 0
166 10 0 0 2 0 0 0 0 0
168 4 1 1 0 0 0 0 0 0
182 16 1 1 0 0 0 0 0 0
184 6 0 0 0 0 0 0 0 0
185 2 0 0 0 0 0 0 0 0
188 6 0 0 0 0 0 0 0 0
194 2 0 0 0 0 0 2 0 0
197 4 0 0 0 0 0 1 0 0
198 1 0 0 0 0 0 1 0 0
249 1 0 0 0 0 0 1 0 0
250 8 0 0 7 0 0 0 0 0
fn=_dl_get_tls_static_info
320 2 1 1 1 0 0 1 0 0
321 3 0 0 2 0 0 1 0 0
fn=_dl_next_tls_modid
50 2 1 1 0 0 0 0 0 0
53 6 0 0 4 0 0 0 0 0
101 4 0 0 0 0 0 2 0 0
105 4 0 0 2 0 0 0 0 0
fl=/build/buildd/eglibc-2.19/elf/dl-tsd.c
fn=__libc_dl_error_tsd
48 2 0 0 2 1 0 0 0 0
49 1 0 0 1 0 0 0 0 0
fl=/build/buildd/eglibc-2.19/elf/dl-version.c
fn=_dl_check_all_versions
380 6 1 1 0 0 0 4 0 0
382 2 0 0 0 0 0 0 0 0
384 25 1 1 7 0 0 0 0 0
385 7 1 1 0 0 0 0 0 0
386 70 0 0 7 0 0 7 0 0
389 7 0 0 5 0 0 0 0 0
fn=_dl_check_map_versions
56 145 0 0 18 0 0 0 0 0
57 41 0 0 41 0 0 0 0 0
58 259 1 1 0 0 0 50 0 0
174 77 1 1 0 0 0 56 0 0
175 2 0 0 0 0 0 0 0 0
183 2 1 1 0 0 0 0 0 0
189 21 0 0 7 0 0 0 0 0
191 14 0 0 7 1 0 7 0 0
193 14 0 0 7 0 0 7 0 0
194 14 1 1 7 0 0 7 0 0
196 14 0 0 0 0 0 0 0 0
199 20 0 0 15 0 0 5 0 0
203 30 0 0 10 4 4 0 0 0
220 27 1 1 27 1 1 0 0 0
228 27 0 0 9 0 0 0 0 0
233 63 0 0 18 0 0 0 0 0
237 420 2 2 246 9 8 52 0 0
244 104 0 0 26 0 0 0 0 0
247 87 0 0 26 0 0 0 0 0
252 17 0 0 0 0 0 0 0 0
256 36 0 0 18 0 0 0 0 0
261 4 0 0 4 0 0 0 0 0
262 4 0 0 0 0 0 0 0 0
270 21 1 1 7 0 0 0 0 0
273 15 0 0 10 0 0 0 0 0
276 208 0 0 52 0 0 0 0 0
279 156 0 0 52 3 3 0 0 0
283 47 0 0 0 0 0 0 0 0
287 14 0 0 0 0 0 0 0 0
292 6 0 0 0 0 0 6 1 0
293 24 0 0 0 0 0 6 0 0
294 12 0 0 0 0 0 0 0 0
302 6 1 1 0 0 0 6 0 0
305 18 0 0 12 0 0 6 0 0
307 18 0 0 6 0 0 0 0 0
310 20 0 0 15 0 0 0 0 0
314 27 0 0 9 0 0 0 0 0
317 78 0 0 26 0 0 0 0 0
319 78 1 1 0 0 0 0 0 0
321 130 0 0 26 0 0 26 0 0
322 78 0 0 0 0 0 26 11 11
323 78 0 0 26 0 0 26 3 3
324 78 0 0 26 0 0 26 1 1
327 78 0 0 26 0 0 0 0 0
332 17 0 0 0 0 0 0 0 0
335 27 1 1 9 0 0 0 0 0
340 4 0 0 0 0 0 0 0 0
341 4 0 0 0 0 0 0 0 0
345 18 0 0 6 0 0 0 0 0
348 20 0 0 15 0 0 0 0 0
352 52 0 0 52 0 0 0 0 0
354 104 0 0 52 0 0 0 0 0
358 47 0 0 47 0 0 0 0 0
359 235 0 0 47 0 0 47 13 13
360 141 0 0 47 0 0 47 0 0
361 47 0 0 0 0 0 47 4 4
364 156 0 0 52 0 0 0 0 0
368 47 0 0 0 0 0 0 0 0
373 13 1 1 0 0 0 0 0 0
374 56 1 1 49 0 0 0 0 0
fn=match_symbol
76 338 1 1 0 0 0 208 0 0
77 52 0 0 52 0 0 0 0 0
85 52 1 1 26 0 0 0 0 0
91 78 0 0 26 1 0 0 0 0
106 26 0 0 26 1 0 0 0 0
107 52 0 0 0 0 0 0 0 0
109 26 0 0 26 0 0 0 0 0
114 412 0 0 206 17 17 0 0 0
128 412 1 1 206 5 5 0 0 0
130 26 1 1 26 0 0 0 0 0
133 156 0 0 26 0 0 26 0 0
140 540 0 0 180 4 4 0 0 0
144 180 0 0 0 0 0 0 0 0
168 208 0 0 182 0 0 0 0 0
fl=/build/buildd/eglibc-2.19/elf/do-rel.h
fn=_dl_relocate_object
47 28 0 0 14 0 0 0 0 0
48 14 0 0 14 0 0 0 0 0
50 6 0 0 0 0 0 0 0 0
51 6 0 0 0 0 0 6 1 0
58 42 0 0 14 0 0 0 0 0
61 576 1 1 0 0 0 0 0 0
63 552 1 1 184 69 69 0 0 0
65 61 0 0 0 0 0 0 0 0
74 12 0 0 0 0 0 0 0 0
75 83 1 1 16 0 0 0 0 0
76 38 0 0 19 0 0 0 0 0
83 16 0 0 8 0 0 8 0 0
84 8 1 1 8 0 0 0 0 0
86 16 0 0 0 0 0 0 0 0
98 24 1 1 0 0 0 0 0 0
108 15 1 1 1 1 1 0 0 0
111 3812 0 0 0 0 0 0 0 0
112 2530 0 0 1265 1 0 0 0 0
118 24 0 0 8 7 0 0 0 0
121 14 0 0 7 3 0 7 1 0
124 428 0 0 136 0 0 0 0 0
127 520 0 0 130 34 31 0 0 0
136 390 0 0 260 48 43 0 0 0
137 746 0 0 130 0 0 130 0 0
138 243 0 0 130 1 0 0 0 0
139 260 1 1 130 0 0 0 0 0
143 12 0 0 0 0 0 0 0 0
160 23 2 2 5 0 0 4 0 0
162 20 1 1 5 2 2 0 0 0
170 25 0 0 5 0 0 5 0 0
171 10 0 0 10 0 0 0 0 0
174 5 0 0 2 0 0 0 0 0
fn=_dl_start
83 1 0 0 1 0 0 0 0 0
84 1 0 0 1 0 0 0 0 0
111 33 0 0 0 0 0 0 0 0
112 20 0 0 10 3 3 0 0 0
116 2 1 1 1 0 0 0 0 0
124 31 0 0 0 0 0 0 0 0
137 45 1 1 9 2 2 0 0 0
139 18 0 0 9 0 0 0 0 0
fl=/build/buildd/eglibc-2.19/elf/get-dynamic-info.h
fn=_dl_map_object_from_fd
38 10 0 0 0 0 0 0 0 0
42 5 0 0 0 0 0 0 0 0
44 408 0 0 136 37 37 0 0 0
46 262 0 0 0 0 0 0 0 0
51 133 1 1 0 0 0 0 0 0
52 217 0 0 0 0 0 126 30 30
53 20 0 0 0 0 0 0 0 0
55 5 0 0 0 0 0 0 0 0
56 25 1 1 0 0 0 0 0 0
58 5 0 0 0 0 0 0 0 0
59 25 1 1 0 0 0 0 0 0
60 5 0 0 0 0 0 0 0 0
61 20 0 0 0 0 0 5 0 0
62 131 0 0 0 0 0 0 0 0
69 10 0 0 0 0 0 0 0 0
89 18 0 0 8 0 0 0 0 0
90 20 1 1 10 0 0 0 0 0
91 20 0 0 10 0 0 0 0 0
92 20 0 0 10 0 0 0 0 0
94 20 0 0 10 0 0 0 0 0
99 20 1 1 10 0 0 0 0 0
100 19 0 0 9 1 1 0 0 0
101 20 0 0 10 0 0 0 0 0
107 15 0 0 5 0 0 0 0 0
112 10 1 1 5 0 0 0 0 0
119 10 0 0 5 0 0 0 0 0
120 15 0 0 10 0 0 0 0 0
136 15 0 0 5 0 0 0 0 0
141 8 0 0 4 0 0 4 1 1
143 8 0 0 0 0 0 0 0 0
145 8 0 0 0 0 0 0 0 0
147 8 0 0 0 0 0 0 0 0
150 15 1 1 5 0 0 0 0 0
152 4 0 0 2 0 0 2 0 0
160 4 0 0 2 0 0 0 0 0
161 4 1 1 0 0 0 0 0 0
165 4 0 0 0 0 0 0 0 0
168 10 0 0 5 0 0 0 0 0
fn=_dl_start
44 57 1 1 19 6 6 0 0 0
46 36 0 0 0 0 0 0 0 0
47 26 0 0 0 0 0 13 3 3
51 21 0 0 0 0 0 0 0 0
52 18 2 2 0 0 0 4 2 2
53 4 1 1 0 0 0 0 0 0
55 1 0 0 0 0 0 0 0 0
56 5 1 1 0 0 0 0 0 0
58 2 0 0 0 0 0 0 0 0
59 5 1 1 0 0 0 0 0 0
60 1 0 0 0 0 0 0 0 0
61 5 0 0 0 0 0 1 1 1
62 18 0 0 0 0 0 0 0 0
69 2 0 0 0 0 0 0 0 0
89 4 0 0 2 0 0 0 0 0
90 4 0 0 2 0 0 0 0 0
91 4 1 1 2 0 0 0 0 0
92 4 0 0 2 0 0 0 0 0
94 4 0 0 2 0 0 0 0 0
99 4 0 0 2 0 0 0 0 0
100 4 1 1 2 0 0 0 0 0
101 4 0 0 2 0 0 0 0 0
107 3 0 0 1 0 0 0 0 0
112 2 0 0 1 0 0 0 0 0
119 3 0 0 1 0 0 0 0 0
120 3 1 1 2 0 0 0 0 0
128 3 0 0 1 0 0 0 0 0
130 3 0 0 1 1 1 0 0 0
133 2 1 1 1 0 0 0 0 0
134 2 0 0 1 0 0 0 0 0
fn=dl_main
29 1 0 0 1 0 0 0 0 0
38 2 0 0 0 0 0 0 0 0
42 1 0 0 0 0 0 0 0 0
44 81 0 0 27 7 7 0 0 0
46 52 1 1 0 0 0 0 0 0
51 17 1 1 0 0 0 0 0 0
52 36 0 0 0 0 0 25 5 5
53 4 0 0 0 0 0 0 0 0
55 1 0 0 0 0 0 0 0 0
56 5 1 1 0 0 0 0 0 0
58 1 0 0 0 0 0 0 0 0
59 5 0 0 0 0 0 0 0 0
60 1 0 0 0 0 0 0 0 0
61 4 1 1 0 0 0 1 0 0
62 26 0 0 0 0 0 0 0 0
69 3 1 1 1 0 0 0 0 0
107 3 2 2 1 0 0 0 0 0
112 2 0 0 1 0 0 0 0 0
119 2 0 0 1 0 0 0 0 0
120 3 0 0 2 0 0 0 0 0
136 3 0 0 1 0 0 0 0 0
150 3 1 1 1 0 0 0 0 0
168 2 1 1 1 0 0 0 0 0
fl=/build/buildd/eglibc-2.19/elf/rtld.c
fn=_dl_initial_error_catch_tsd
798 26 0 0 13 0 0 0 0 0
fn=_dl_start
285 75 4 4 8 1 1 8 1 1
297 2 0 0 0 0 0 1 0 0
298 2 0 0 0 0 0 1 0 0
299 2 0 0 0 0 0 1 0 0
300 2 1 1 0 0 0 1 1 1
301 2 0 0 0 0 0 1 0 0
322 5 0 0 0 0 0 1 0 0
326 1 0 0 0 0 0 1 0 0
332 4 1 0 0 0 0 1 0 0
341 4 1 0 0 0 0 0 0 0
344 2 0 0 1 1 0 1 1 0
348 2 0 0 1 0 0 0 0 0
362 9 2 2 0 0 0 6 1 1
380 5 0 0 0 0 0 1 1 1
406 1 0 0 0 0 0 1 1 1
409 1 0 0 0 0 0 1 1 1
537 2 0 0 0 0 0 0 0 0
542 34 3 3 9 0 0 0 0 0
544 1 0 0 1 1 1 0 0 0
569 9 0 0 7 1 0 0 0 0
fn=dl_main
891 12 1 1 0 0 0 8 3 3
897 1 0 0 0 0 0 0 0 0
899 2 0 0 0 0 0 0 0 0
900 1 0 0 0 0 0 0 0 0
906 1 0 0 0 0 0 1 0 0
910 2 0 0 0 0 0 1 0 0
913 2 0 0 0 0 0 1 1 1
917 2 0 0 0 0 0 1 1 1
918 2 0 0 0 0 0 1 0 0
923 2 1 1 0 0 0 1 0 0
933 4 2 2 2 0 0 0 0 0
1132 8 1 1 0 0 0 1 0 0
1134 2 0 0 0 0 0 0 0 0
1135 1 0 0 0 0 0 1 1 1
1136 2 1 1 1 0 0 1 0 0
1137 3 0 0 2 0 0 1 0 0
1141 3 0 0 0 0 0 1 0 0
1142 2 0 0 1 0 0 0 0 0
1163 1 0 0 0 0 0 1 0 0
1164 1 0 0 0 0 0 1 0 0
1166 1 0 0 0 0 0 1 0 0
1168 1 1 1 1 0 0 0 0 0
1171 36 1 1 3 0 0 0 0 0
1172 71 1 1 9 5 5 0 0 0
1176 3 1 1 1 0 0 1 0 0
1177 1 0 0 0 0 0 0 0 0
1181 3 1 1 2 0 0 1 0 0
1182 1 0 0 0 0 0 0 0 0
1190 1 0 0 0 0 0 1 1 1
1191 2 1 1 2 1 1 0 0 0
1193 2 1 1 0 0 0 1 0 0
1200 3 0 0 1 0 0 0 0 0
1218 1 0 0 0 0 0 0 0 0
1226 4 0 0 2 0 0 0 0 0
1227 10 2 2 3 1 1 0 0 0
1228 4 0 0 2 0 0 0 0 0
1229 1 0 0 0 0 0 1 0 0
1232 4 0 0 2 1 1 0 0 0
1233 4 0 0 2 0 0 0 0 0
1234 2 0 0 0 0 0 2 0 0
1235 6 0 0 3 0 0 0 0 0
1236 2 0 0 0 0 0 1 0 0
1263 2 1 1 1 0 0 1 1 1
1264 1 0 0 0 0 0 0 0 0
1267 2 0 0 1 0 0 1 0 0
1268 2 0 0 1 0 0 1 0 0
1269 1 0 0 0 0 0 0 0 0
1274 3 0 0 1 1 1 0 0 0
1277 2 0 0 0 0 0 0 0 0
1279 2 0 0 0 0 0 0 0 0
1281 2 1 1 1 0 0 0 0 0
1294 3 0 0 1 0 0 0 0 0
1295 11 1 1 6 0 0 2 0 0
1300 1 0 0 0 0 0 1 0 0
1302 1 0 0 0 0 0 1 1 1
1303 1 0 0 0 0 0 1 0 0
1305 2 0 0 1 0 0 0 0 0
1306 2 1 1 0 0 0 1 0 0
1310 2 0 0 1 0 0 0 0 0
1312 2 0 0 0 0 0 0 0 0
1317 2 0 0 0 0 0 1 0 0
1320 4 1 1 0 0 0 1 0 0
1336 3 2 2 0 0 0 1 0 0
1342 9 1 1 1 0 0 2 0 0
1347 2 1 1 1 0 0 1 0 0
1350 4 1 1 1 0 0 2 0 0
1352 1 0 0 0 0 0 1 0 0
1357 2 0 0 1 0 0 0 0 0
1360 3 0 0 2 0 0 1 0 0
1361 4 1 1 1 0 0 1 0 0
1362 2 0 0 0 0 0 1 0 0
1363 1 0 0 0 0 0 1 0 0
1364 1 0 0 1 0 0 0 0 0
1365 1 0 0 1 0 0 0 0 0
1370 2 0 0 1 0 0 0 0 0
1371 5 0 0 1 0 0 1 0 0
1375 1 1 1 1 0 0 0 0 0
1377 4 0 0 1 0 0 0 0 0
1378 2 0 0 0 0 0 1 0 0
1379 4 0 0 1 1 1 1 0 0
1384 2 0 0 0 0 0 0 0 0
1385 6 1 1 1 1 1 0 0 0
1387 2 0 0 1 0 0 1 1 1
1388 2 0 0 1 0 0 1 0 0
1393 2 0 0 1 1 1 0 0 0
1398 3 1 1 1 0 0 0 0 0
1579 3 0 0 1 0 0 0 0 0
1582 2 0 0 1 0 0 1 0 0
1586 3 0 0 1 0 0 0 0 0
1591 2 1 1 1 0 0 1 0 0
1592 1 0 0 0 0 0 1 0 0
1597 3 0 0 1 0 0 0 0 0
1612 3 0 0 2 0 0 0 0 0
1614 1 0 0 0 0 0 0 0 0
1616 3 1 1 1 0 0 0 0 0
1623 11 2 2 0 0 0 3 0 0
1626 6 0 0 0 0 0 0 0 0
1629 12 1 1 0 0 0 2 0 0
1630 2 0 0 1 0 0 0 0 0
1631 3 0 0 1 0 0 0 0 0
1633 6 0 0 0 0 0 1 0 0
1635 4 0 0 0 0 0 0 0 0
1636 2 0 0 1 0 0 0 0 0
1637 3 0 0 0 0 0 1 0 0
1647 5 0 0 0 0 0 1 0 0
1724 4 0 0 2 0 0 0 0 0
1728 8 2 2 0 0 0 0 0 0
1729 1 0 0 0 0 0 0 0 0
1732 2 0 0 0 0 0 1 0 0
1733 1 0 0 1 0 0 0 0 0
1734 2 0 0 0 0 0 0 0 0
1735 2 0 0 0 0 0 0 0 0
1741 5 1 1 0 0 0 0 0 0
1742 8 0 0 0 0 0 1 0 0
1743 4 0 0 0 0 0 0 0 0
1745 2 0 0 1 1 0 0 0 0
1748 19 1 1 2 0 0 0 0 0
1749 28 0 0 14 0 0 0 0 0
1752 3 0 0 2 0 0 1 0 0
1753 3 0 0 1 0 0 0 0 0
1754 1 0 0 0 0 0 1 0 0
1756 24 1 1 0 0 0 0 0 0
1757 15 0 0 7 0 0 0 0 0
1767 2 1 1 0 0 0 1 1 0
1769 2 1 1 1 0 0 1 0 0
1770 2 1 1 1 0 0 0 0 0
1772 3 0 0 0 0 0 1 0 0
1774 3 0 0 0 0 0 0 0 0
1776 3 0 0 1 1 0 0 0 0
1777 1 0 0 1 0 0 0 0 0
1788 3 1 1 0 0 0 0 0 0
1790 2 1 1 0 0 0 0 0 0
1791 2 0 0 0 0 0 1 0 0
1792 3 0 0 1 0 0 0 0 0
1803 4 0 0 0 0 0 1 0 0
1804 1 0 0 0 0 0 1 1 0
1805 5 1 1 0 0 0 1 0 0
1815 2 0 0 1 0 0 1 0 0
1816 2 0 0 1 0 0 0 0 0
1817 2 1 1 0 0 0 2 0 0
1819 2 0 0 1 0 0 0 0 0
1822 1 0 0 0 0 0 1 0 0
1824 2 0 0 1 0 0 0 0 0
2054 3 0 0 1 0 0 0 0 0
2110 2 2 2 0 0 0 1 0 0
2114 4 0 0 2 0 0 2 0 0
2118 2 0 0 1 0 0 1 0 0
2121 2 0 0 0 0 0 0 0 0
2129 2 0 0 0 0 0 0 0 0
2140 1 1 1 1 0 0 0 0 0
2175 3 1 1 1 0 0 0 0 0
2182 1 0 0 1 0 0 0 0 0
2184 11 1 1 1 0 0 1 0 0
2186 19 1 1 1 1 0 0 0 0
2188 21 0 0 14 2 0 0 0 0
2193 14 0 0 14 0 0 0 0 0
2195 16 1 1 0 0 0 0 0 0
2197 1 1 1 0 0 0 1 0 0
2198 1 0 0 1 0 0 0 0 0
2201 7 0 0 7 0 0 0 0 0
2203 21 0 0 0 0 0 0 0 0
2204 48 0 0 12 5 0 6 0 0
2208 25 0 0 9 2 0 0 0 0
2209 6 0 0 0 0 0 2 0 0
2211 4 0 0 0 0 0 0 0 0
2213 2 0 0 0 0 0 1 0 0
2219 2 0 0 1 0 0 0 0 0
2224 4 1 1 2 0 0 0 0 0
2225 1 0 0 1 0 0 0 0 0
2230 2 1 1 1 1 0 1 0 0
2234 2 0 0 1 0 0 0 0 0
2248 3 0 0 2 1 0 0 0 0
2250 4 2 2 1 0 0 0 0 0
2265 5 1 1 0 0 0 0 0 0
2267 1 0 0 1 0 0 0 0 0
2268 5 0 0 1 0 0 1 0 0
2269 4 0 0 0 0 0 0 0 0
2271 3 0 0 1 0 0 0 0 0
2279 1 0 0 0 0 0 1 0 0
2283 3 0 0 1 0 0 0 0 0
2303 3 0 0 0 0 0 1 0 0
2304 1 0 0 0 0 0 1 0 0
2305 1 0 0 0 0 0 1 0 0
2310 1 0 0 0 0 0 1 0 0
2315 8 0 0 7 2 0 0 0 0
2485 2 0 0 1 0 0 1 0 0
2487 1 0 0 0 0 0 0 0 0
2488 1 0 0 0 0 0 0 0 0
2492 13 2 2 1 0 0 4 0 0
2494 15 0 0 3 0 0 3 1 1
2498 105 1 1 21 0 0 0 0 0
2499 19 0 0 0 0 0 0 0 0
2501 4 0 0 0 0 0 0 0 0
2507 16 0 0 2 0 0 0 0 0
2530 6 1 1 0 0 0 1 0 0
2537 6 1 1 0 0 0 1 0 0
2539 3 1 1 0 0 0 1 0 0
2583 6 1 1 0 0 0 1 0 0
2585 3 1 1 0 0 0 1 0 0
2660 3 1 1 1 0 0 0 0 0
2693 3 0 0 1 0 0 0 0 0
fn=do_preload
804 6 0 0 0 0 0 3 0 0
806 1 0 0 0 0 0 1 0 0
810 1 0 0 0 0 0 1 0 0
811 1 1 1 0 0 0 1 0 0
812 1 0 0 0 0 0 1 0 0
814 1 0 0 1 0 0 0 0 0
816 6 0 0 0 0 0 1 0 0
817 3 0 0 1 0 0 0 0 0
825 3 1 1 1 0 0 0 0 0
831 5 0 0 4 0 0 0 0 0
fn=init_tls
717 1 0 0 0 0 0 1 0 0
719 2 0 0 1 0 0 1 0 0
723 2 0 0 1 0 0 0 0 0
724 1 1 1 0 0 0 0 0 0
729 2 0 0 0 0 0 1 0 0
732 1 0 0 0 0 0 1 0 0
733 4 0 0 0 0 0 1 0 0
738 1 0 0 0 0 0 0 0 0
740 1 0 0 0 0 0 1 0 0
744 2 1 1 1 1 1 0 0 0
745 1 0 0 0 0 0 0 0 0
746 17 1 1 1 0 0 0 0 0
747 14 0 0 7 0 0 0 0 0
748 14 0 0 7 4 0 0 0 0
752 6 0 0 0 0 0 2 1 1
754 2 0 0 0 0 0 0 0 0
756 3 0 0 0 0 0 0 0 0
759 1 1 1 0 0 0 1 0 0
766 2 0 0 0 0 0 1 0 0
767 2 0 0 0 0 0 0 0 0
773 2 1 1 1 0 0 1 0 0
781 7 0 0 0 0 0 2 0 0
785 1 1 1 0 0 0 1 0 0
787 1 0 0 0 0 0 0 0 0
788 2 0 0 2 0 0 0 0 0
fn=map_doit
625 2 1 1 0 0 0 1 0 0
627 8 1 1 3 0 0 2 0 0
629 2 0 0 2 0 0 0 0 0
fn=rtld_lock_default_lock_recursive
838 12 1 1 12 1 1 0 0 0
fn=rtld_lock_default_unlock_recursive
844 12 1 1 12 0 0 0 0 0
fn=security_init
851 2 0 0 0 0 0 1 0 0
853 1 0 0 1 0 0 0 0 0
855 1 0 0 0 0 0 1 0 0
861 2 0 0 1 0 0 0 0 0
863 1 0 0 1 0 0 0 0 0
866 1 1 1 0 0 0 1 0 0
868 1 0 0 0 0 0 1 0 0
874 1 0 0 0 0 0 1 0 0
875 3 0 0 2 0 0 0 0 0
fn=version_check_doit
657 2 1 1 0 0 0 1 0 0
659 6 0 0 2 0 0 1 0 0
663 2 0 0 2 0 0 0 0 0
fl=/build/buildd/eglibc-2.19/elf/setup-vdso.h
fn=dl_main
24 2 0 0 1 0 0 0 0 0
fl=/build/buildd/eglibc-2.19/io/../sysdeps/unix/syscall-template.S
fn=__write_nocancel
81 5 0 0 1 0 0 0 0 0
fn=access
81 24 1 1 0 0 0 0 0 0
83 30 1 1 6 0 0 6 1 1
fn=close
81 24 1 1 0 0 0 0 0 0
82 6 0 0 6 0 0 0 0 0
fn=open
81 144 1 1 0 0 0 0 0 0
82 6 0 0 6 0 0 0 0 0
83 150 0 0 30 0 0 30 0 0
fn=read
81 20 0 0 0 0 0 0 0 0
82 5 0 0 5 0 0 0 0 0
fn=write
81 2 1 1 1 0 0 0 0 0
fl=/build/buildd/eglibc-2.19/io/../sysdeps/unix/sysv/linux/wordsize-64/fxstat.c
fn=_fxstat
33 6 0 0 0 0 0 0 0 0
34 12 1 1 0 0 0 0 0 0
35 36 0 0 0 0 0 0 0 0
39 6 0 0 6 0 0 0 0 0
fl=/build/buildd/eglibc-2.19/io/../sysdeps/unix/sysv/linux/wordsize-64/xstat.c
fn=_xstat
33 8 0 0 0 0 0 0 0 0
34 16 1 1 0 0 0 0 0 0
35 72 0 0 6 0 0 6 0 0
39 2 0 0 2 0 0 0 0 0
fl=/build/buildd/eglibc-2.19/libio/fileops.c
fn=_IO_do_write@@GLIBC_2.2.5
509 6 1 1 0 0 0 4 0 0
511 3 0 0 0 0 0 0 0 0
512 6 0 0 5 0 0 0 0 0
fn=_IO_file_overflow@@GLIBC_2.2.5
824 4 1 1 0 0 0 3 0 0
825 3 0 0 1 0 0 0 0 0
832 3 0 0 0 0 0 0 0 0
835 2 1 1 1 0 0 0 0 0
837 2 1 1 0 0 0 1 1 1
838 6 0 0 2 0 0 3 0 0
847 2 1 1 0 0 0 0 0 0
856 4 0 0 2 0 0 0 0 0
858 1 0 0 0 0 0 1 0 0
859 2 0 0 0 0 0 1 0 0
860 1 0 0 0 0 0 1 0 0
861 2 0 0 0 0 0 2 0 0
863 3 1 1 0 0 0 1 0 0
864 5 0 0 1 0 0 0 0 0
865 2 0 0 0 0 0 1 0 0
867 2 0 0 0 0 0 0 0 0
868 2 1 1 0 0 0 0 0 0
869 1 0 0 0 0 0 0 0 0
880 3 0 0 3 0 0 0 0 0
fn=_IO_file_write@@GLIBC_2.2.5
1254 7 1 1 0 0 0 4 0 0
1256 7 0 0 0 0 0 0 0 0
1260 3 0 0 1 0 0 0 0 0
1261 3 1 1 1 0 0 1 0 0
1262 2 0 0 0 0 0 0 0 0
1267 1 0 0 0 0 0 0 0 0
1268 1 0 0 0 0 0 0 0 0
1271 3 0 0 1 0 0 0 0 0
1274 9 1 1 5 0 0 0 0 0
fn=_IO_file_xsputn@@GLIBC_2.2.5
523 2 2 2 1 0 0 0 0 0
530 4 2 2 2 0 0 0 0 0
538 6 0 0 2 1 1 1 0 0
539 3 0 0 1 0 0 0 0 0
541 4 0 0 1 0 0 3 0 0
542 2 0 0 0 0 0 2 0 0
543 1 0 0 0 0 0 1 0 0
544 2 0 0 1 0 0 0 0 0
545 3 0 0 1 0 0 0 0 0
1281 8 2 2 0 0 0 6 0 0
1287 2 0 0 0 0 0 0 0 0
1288 1 0 0 0 0 0 0 0 0
1294 6 0 0 1 0 0 0 0 0
1311 6 1 1 2 0 0 0 0 0
1328 3 0 0 0 0 0 0 0 0
1332 6 0 0 2 1 1 1 0 0
1338 2 0 0 2 0 0 0 0 0
1339 3 0 0 0 0 0 0 0 0
1341 3 1 1 0 0 0 0 0 0
1344 1 0 0 0 0 0 0 0 0
1345 2 0 0 0 0 0 0 0 0
1352 2 0 0 0 0 0 0 0 0
1355 2 1 1 0 0 0 0 0 0
1356 8 0 0 7 0 0 0 0 0
fl=/build/buildd/eglibc-2.19/libio/genops.c
fn=_IO_default_xsputn
447 30 1 1 0 0 0 25 0 0
450 30 0 0 0 0 0 0 0 0
451 5 0 0 0 0 0 0 0 0
455 20 1 1 10 0 0 0 0 0
457 15 0 0 0 0 0 0 0 0
460 10 0 0 0 0 0 0 0 0
470 60 1 1 0 0 0 0 0 0
474 32 0 0 0 0 0 0 0 0
475 49 1 1 11 0 0 16 1 1
478 5 0 0 0 0 0 0 0 0
480 10 0 0 0 0 0 0 0 0
484 10 1 1 0 0 0 0 0 0
485 30 0 0 30 0 0 0 0 0
fn=_IO_doallocbuf
402 1 0 0 0 0 0 1 0 0
403 1 0 0 0 0 0 1 0 0
407 2 0 0 0 0 0 1 0 0
414 4 1 1 0 0 0 3 0 0
415 2 0 0 1 0 0 0 0 0
417 6 1 1 2 0 0 0 0 0
420 3 1 1 0 0 0 0 0 0
421 4 0 0 4 0 0 0 0 0
fl=/build/buildd/eglibc-2.19/malloc/arena.c
fn=malloc_hook_ini
373 3 1 1 1 1 1 0 0 0
fn=ptmalloc_init.part.7
334 195 0 0 65 9 0 0 0 0
336 128 0 0 64 31 0 0 0 0
337 2 0 0 1 0 0 0 0 0
338 2 0 0 1 0 0 0 0 0
352 64 0 0 0 0 0 0 0 0
371 6 1 1 0 0 0 5 0 0
376 1 0 0 0 0 0 1 0 0
384 2 0 0 1 0 0 0 0 0
385 7 2 2 0 0 0 1 0 0
386 4 0 0 2 1 0 0 0 0
391 3 1 1 1 1 0 1 1 0
392 12 1 1 1 1 0 6 2 2
394 5 0 0 2 1 0 0 0 0
410 2 1 1 0 0 0 0 0 0
455 2 0 0 0 0 0 0 0 0
461 2 0 0 2 1 1 0 0 0
462 2 0 0 0 0 0 0 0 0
464 1 0 0 0 0 0 1 1 0
465 7 0 0 6 1 0 0 0 0
fl=/build/buildd/eglibc-2.19/malloc/hooks.c
fn=malloc_hook_ini
29 4 0 0 1 0 0 2 0 0
30 2 1 1 1 0 0 1 0 0
32 1 0 0 0 0 0 0 0 0
33 1 0 0 0 0 0 0 0 0
fl=/build/buildd/eglibc-2.19/malloc/malloc.c
fn=_int_free
1869 3 0 0 1 1 0 0 0 0
3814 9 1 1 0 0 0 7 0 0
3827 3 0 0 1 0 0 0 0 0
3833 4 1 1 0 0 0 0 0 0
3834 2 0 0 0 0 0 0 0 0
3845 4 0 0 0 0 0 0 0 0
3858 3 0 0 1 1 0 0 0 0
3869 4 1 1 1 0 0 0 0 0
3870 3 0 0 1 1 0 0 0 0
3894 1 0 0 0 0 0 0 0 0
3896 3 1 1 2 1 0 0 0 0
3897 2 0 0 0 0 0 0 0 0
3898 2 0 0 0 0 0 0 0 0
3901 1 0 0 1 0 0 0 0 0
3902 4 0 0 0 0 0 0 0 0
3907 3 0 0 1 0 0 0 0 0
3916 2 1 1 0 0 0 0 0 0
3918 1 0 0 0 0 0 1 0 0
3920 6 0 0 2 0 0 0 0 0
3922 2 0 0 0 0 0 0 0 0
4087 8 1 1 7 0 0 0 0 0
fn=_int_malloc
1862 30 0 0 10 7 5 0 0 0
2271 45 0 0 18 12 5 18 0 0
2272 2 0 0 0 0 0 0 0 0
2282 42 0 0 25 13 10 0 0 0
2297 40 1 1 16 0 0 0 0 0
2303 16 0 0 0 0 0 0 0 0
2305 64 2 2 0 0 0 16 0 0
2307 24 0 0 8 0 0 0 0 0
2322 24 0 0 0 0 0 0 0 0
2337 24 0 0 0 0 0 8 8 8
2342 24 1 1 16 0 0 0 0 0
2343 40 0 0 16 0 0 0 0 0
2346 24 0 0 16 0 0 0 0 0
2347 40 1 1 16 0 0 0 0 0
2360 1 0 0 0 0 0 0 0 0
2369 4 0 0 0 0 0 0 0 0
2378 3 1 1 0 0 0 0 0 0
2433 2 1 1 1 0 0 0 0 0
2442 5 0 0 1 0 0 0 0 0
2452 9 1 1 1 0 0 2 0 0
2460 2 0 0 0 0 0 0 0 0
2462 6 0 0 3 1 1 2 0 0
2466 5 0 0 2 0 0 0 0 0
2469 2 1 1 2 1 1 0 0 0
2470 2 0 0 0 0 0 0 0 0
2489 1 0 0 0 0 0 0 0 0
2516 2 0 0 1 1 0 0 0 0
2517 1 0 0 0 0 0 1 0 0
2518 3 0 0 1 0 0 1 0 0
2524 2 1 1 0 0 0 0 0 0
2527 8 3 3 1 0 0 0 0 0
2569 6 2 2 0 0 0 0 0 0
2588 1 0 0 0 0 0 0 0 0
2591 2 0 0 0 0 0 0 0 0
2592 7 1 1 2 0 0 0 0 0
2594 2 0 0 0 0 0 0 0 0
2595 4 0 0 2 0 0 2 0 0
2607 3 0 0 1 0 0 0 0 0
2615 2 1 1 2 0 0 0 0 0
2616 3 0 0 1 0 0 0 0 0
2654 1 0 0 0 0 0 1 0 0
2655 5 0 0 0 0 0 1 1 1
2656 2 0 0 0 0 0 1 0 0
2667 2 1 1 0 0 0 0 0 0
2700 2 1 1 1 0 0 0 0 0
2701 1 1 1 0 0 0 1 0 0
2706 2 0 0 1 0 0 0 0 0
2709 2 0 0 1 0 0 0 0 0
2711 1 0 0 0 0 0 0 0 0
2712 1 0 0 0 0 0 0 0 0
2713 1 0 0 0 0 0 1 0 0
2714 8 0 0 0 0 0 1 0 0
2715 2 0 0 0 0 0 1 0 0
2717 1 0 0 0 0 0 0 0 0
3302 80 1 1 0 0 0 70 12 7
3332 100 0 0 0 0 0 0 0 0
3340 20 1 1 10 7 5 0 0 0
3342 6 0 0 0 0 0 0 0 0
3343 6 0 0 0 0 0 0 0 0
3344 2 0 0 2 0 0 0 0 0
3348 4 0 0 0 0 0 0 0 0
3351 6 0 0 3 0 0 0 0 0
3352 3 0 0 0 0 0 0 0 0
3355 5 1 1 1 0 0 0 0 0
3377 18 2 2 0 0 0 0 0 0
3379 2 0 0 0 0 0 0 0 0
3380 2 0 0 0 0 0 0 0 0
3382 3 0 0 1 1 0 0 0 0
3421 184 4 4 0 0 0 0 0 0
3422 16 0 0 8 0 0 0 0 0
3423 4 0 0 1 0 0 2 0 0
3442 45 1 1 9 5 4 0 0 0
3576 18 1 1 0 0 0 0 0 0
3578 16 1 1 0 0 0 0 0 0
3581 24 0 0 8 5 4 0 0 0
3649 9 0 0 0 0 0 0 0 0
3650 18 0 0 0 0 0 0 0 0
3651 18 0 0 0 0 0 0 0 0
3652 18 0 0 9 7 4 0 0 0
3653 18 0 0 0 0 0 0 0 0
3658 54 1 1 0 0 0 0 0 0
3662 35 0 0 0 0 0 0 0 0
3665 12 0 0 3 1 0 0 0 0
3743 1 0 0 0 0 0 0 0 0
3765 9 1 1 9 6 4 0 0 0
3766 27 0 0 9 0 0 0 0 0
3768 27 1 1 0 0 0 0 0 0
3785 18 0 0 9 0 0 0 0 0
3790 36 0 0 0 0 0 9 0 0
3792 225 1 1 0 0 0 90 7 4
3801 18 1 1 0 0 0 0 0 0
3806 90 0 0 70 0 0 0 0 0
4990 36 0 0 0 0 0 18 0 0
4992 27 2 2 9 0 0 9 4 4
5000 9 1 1 0 0 0 9 0 0
fn=free
2917 2 1 1 2 2 0 0 0 0
2918 2 1 1 0 0 0 0 0 0
2924 2 0 0 0 0 0 0 0 0
2927 1 0 0 0 0 0 0 0 0
2929 3 0 0 1 1 0 0 0 0
2945 3 0 0 0 0 0 0 0 0
2946 2 0 0 0 0 0 0 0 0
fn=malloc
2876 44 1 1 0 0 0 22 0 0
2881 22 0 0 22 16 8 0 0 0
2882 22 0 0 0 0 0 0 0 0
2883 2 1 1 1 0 0 0 0 0
2885 20 0 0 20 14 8 0 0 0
2887 80 1 1 20 8 4 0 0 0
2891 40 0 0 0 0 0 10 0 0
2892 20 0 0 0 0 0 0 0 0
2903 40 1 1 20 0 0 0 0 0
2904 40 0 0 10 0 0 0 0 0
2907 53 1 1 33 0 0 0 0 0
fn=malloc_consolidate
1785 381 0 0 0 0 0 0 0 0
1788 381 0 0 0 0 0 254 32 32
1792 3 1 1 0 0 0 0 0 0
1796 3 1 1 1 0 0 1 0 0
1797 2 0 0 0 0 0 1 0 0
1799 1 0 0 0 0 0 1 1 1
4104 8 1 1 0 0 0 6 1 0
4126 5 0 0 1 0 0 0 0 0
4199 8 0 0 7 0 0 0 0 0
4996 1 1 1 0 0 0 0 0 0
fl=/build/buildd/eglibc-2.19/malloc/morecore.c
fn=__default_morecore
46 2 1 1 0 0 0 0 0 0
47 2 0 0 0 0 0 2 0 0
49 6 0 0 0 0 0 0 0 0
52 6 0 0 2 0 0 0 0 0
fl=/build/buildd/eglibc-2.19/math/../sysdeps/x86_64/fpu/multiarch/e_asin.c
fn=__acos_finite
10 7 1 1 2 0 0 1 0 0
fn=__asin_finite
14 7 1 1 2 0 0 1 0 0
fl=/build/buildd/eglibc-2.19/math/../sysdeps/x86_64/fpu/multiarch/e_atan2.c
fn=__atan2_finite
15 1 1 1 0 0 0 0 0 0
fl=/build/buildd/eglibc-2.19/math/../sysdeps/x86_64/fpu/multiarch/e_exp.c
fn=__exp_finite
15 10 2 2 2 0 0 1 0 0
fl=/build/buildd/eglibc-2.19/math/../sysdeps/x86_64/fpu/multiarch/e_log.c
fn=__log_finite
15 1 1 1 0 0 0 0 0 0
fl=/build/buildd/eglibc-2.19/math/../sysdeps/x86_64/fpu/multiarch/e_pow.c
fn=__pow_finite
8 7 1 1 2 0 0 1 0 0
fl=/build/buildd/eglibc-2.19/math/../sysdeps/x86_64/fpu/multiarch/s_ceil.S
fn=ceil
25 1 1 1 0 0 0 1 0 0
26 1 0 0 0 0 0 0 0 0
27 1 0 0 0 0 0 0 0 0
28 1 1 1 1 0 0 0 0 0
29 1 0 0 0 0 0 0 0 0
31 1 0 0 1 0 0 0 0 0
fl=/build/buildd/eglibc-2.19/math/../sysdeps/x86_64/fpu/multiarch/s_ceilf.S
fn=ceilf
25 1 1 1 0 0 0 1 0 0
26 1 0 0 0 0 0 0 0 0
27 1 0 0 0 0 0 0 0 0
28 1 1 1 1 0 0 0 0 0
29 1 0 0 0 0 0 0 0 0
31 1 0 0 1 0 0 0 0 0
fl=/build/buildd/eglibc-2.19/math/../sysdeps/x86_64/fpu/multiarch/s_floor.S
fn=floor
25 1 1 1 0 0 0 1 0 0
26 1 0 0 0 0 0 0 0 0
27 1 0 0 0 0 0 0 0 0
28 1 0 0 1 0 0 0 0 0
29 1 0 0 0 0 0 0 0 0
31 1 0 0 1 0 0 0 0 0
fl=/build/buildd/eglibc-2.19/math/../sysdeps/x86_64/fpu/multiarch/s_floorf.S
fn=floorf
25 1 1 1 0 0 0 1 0 0
26 1 0 0 0 0 0 0 0 0
27 1 0 0 0 0 0 0 0 0
28 1 0 0 1 0 0 0 0 0
29 1 0 0 0 0 0 0 0 0
31 1 0 0 1 0 0 0 0 0
fl=/build/buildd/eglibc-2.19/math/../sysdeps/x86_64/fpu/multiarch/s_rint.S
fn=rint
25 1 1 1 0 0 0 1 0 0
26 1 0 0 0 0 0 0 0 0
27 1 0 0 0 0 0 0 0 0
28 1 0 0 1 0 0 0 0 0
29 1 0 0 0 0 0 0 0 0
31 1 0 0 1 0 0 0 0 0
fl=/build/buildd/eglibc-2.19/math/../sysdeps/x86_64/fpu/multiarch/s_rintf.S
fn=rintf
25 1 1 1 0 0 0 1 0 0
26 1 0 0 0 0 0 0 0 0
27 1 0 0 0 0 0 0 0 0
28 1 0 0 1 0 0 0 0 0
29 1 0 0 0 0 0 0 0 0
31 1 0 0 1 0 0 0 0 0
fl=/build/buildd/eglibc-2.19/math/../sysdeps/x86_64/fpu/multiarch/s_sin.c
fn=cos
20 10 2 2 2 0 0 1 0 0
fn=sin
24 1 1 1 0 0 0 0 0 0
fl=/build/buildd/eglibc-2.19/misc/../sysdeps/unix/syscall-template.S
fn=mmap
81 125 2 2 0 0 0 0 0 0
82 25 0 0 25 0 0 0 0 0
fn=mprotect
81 48 1 1 0 0 0 0 0 0
82 12 0 0 12 0 0 0 0 0
fn=munmap
81 4 0 0 0 0 0 0 0 0
82 1 0 0 1 0 0 0 0 0
fl=/build/buildd/eglibc-2.19/misc/../sysdeps/unix/sysv/linux/getpagesize.c
fn=getpagesize
29 4 1 1 2 0 0 0 0 0
31 1 0 0 1 0 0 0 0 0
fl=/build/buildd/eglibc-2.19/misc/../sysdeps/unix/sysv/linux/x86_64/brk.c
fn=brk
28 2 0 0 0 0 0 0 0 0
31 16 1 1 2 0 0 2 0 0
33 4 0 0 0 0 0 0 0 0
39 2 0 0 0 0 0 0 0 0
40 2 0 0 2 0 0 0 0 0
fl=/build/buildd/eglibc-2.19/misc/init-misc.c
fn=__init_misc
30 4 1 1 0 0 0 2 0 0
31 5 0 0 1 0 0 0 0 0
33 3 0 0 0 0 0 1 0 0
37 5 0 0 1 1 0 1 1 0
38 3 1 1 2 0 0 1 0 0
40 4 0 0 3 0 0 0 0 0
fl=/build/buildd/eglibc-2.19/misc/sbrk.c
fn=sbrk
34 8 1 1 0 0 0 6 0 0
42 11 0 0 5 3 3 0 0 0
43 6 1 1 1 0 0 1 1 1
46 4 0 0 0 0 0 0 0 0
50 4 0 0 0 0 0 0 0 0
53 3 0 0 0 0 0 1 0 0
57 10 0 0 8 0 0 0 0 0
fl=/build/buildd/eglibc-2.19/nptl/../nptl/pthread_mutex_lock.c
fn=pthread_mutex_lock
63 2 1 1 0 0 0 0 0 0
66 3 0 0 1 0 0 0 0 0
70 3 0 0 0 0 0 0 0 0
74 2 0 0 0 0 0 0 0 0
83 2 1 1 0 0 0 0 0 0
94 4 0 0 0 0 0 0 0 0
98 1 0 0 1 0 0 0 0 0
101 2 1 1 1 0 0 0 0 0
114 5 0 0 1 0 0 0 0 0
116 2 0 0 1 0 0 0 0 0
117 2 0 0 0 0 0 1 0 0
158 1 0 0 1 0 0 0 0 0
161 1 0 0 0 0 0 1 0 0
163 1 0 0 1 0 0 0 0 0
168 1 0 0 0 0 0 0 0 0
169 2 0 0 1 0 0 0 0 0
fl=/build/buildd/eglibc-2.19/nptl/../nptl/sysdeps/pthread/list.h
fn=__pthread_initialize_minimal
60 2 0 0 0 0 0 1 0 0
61 1 0 0 0 0 0 1 0 0
62 1 1 1 0 0 0 1 0 0
64 1 0 0 0 0 0 1 0 0
fl=/build/buildd/eglibc-2.19/nptl/../nptl/sysdeps/unix/sysv/linux/libc_pthread_init.c
fn=__libc_pthread_init
42 2 1 1 0 0 0 1 0 0
44 1 0 0 0 0 0 1 1 1
47 6 1 1 0 0 0 1 0 0
66 164 0 0 0 0 0 0 0 0
68 54 0 0 54 3 0 0 0 0
69 108 0 0 54 0 0 0 0 0
70 54 0 0 0 0 0 54 6 6
72 1 1 1 0 0 0 1 0 0
78 3 0 0 2 0 0 0 0 0
fl=/build/buildd/eglibc-2.19/nptl/../nptl/sysdeps/unix/sysv/linux/pthread_getaffinity.c
fn=pthread_getaffinity_np@@GLIBC_2.3.4
31 3 1 1 0 0 0 0 0 0
35 6 0 0 1 0 0 0 0 0
37 2 0 0 0 0 0 0 0 0
41 6 1 1 0 0 0 1 0 0
43 1 0 0 0 0 0 0 0 0
44 2 0 0 1 0 0 0 0 0
fl=/build/buildd/eglibc-2.19/nptl/../nptl/sysdeps/unix/sysv/linux/register-atfork.c
fn=__linkin_atfork
116 2 1 1 1 1 0 1 0 0
117 6 1 1 2 1 0 0 0 0
119 1 0 0 1 0 0 0 0 0
fn=__register_atfork
44 2 0 0 0 0 0 0 0 0
51 2 0 0 0 0 0 0 0 0
52 3 0 0 1 1 1 0 0 0
71 3 1 1 0 0 0 0 0 0
72 1 0 0 0 0 0 1 0 0
73 1 0 0 0 0 0 1 0 0
86 7 1 1 0 0 0 3 0 0
88 6 1 1 2 2 2 0 0 0
95 1 0 0 0 0 0 1 0 0
96 1 0 0 0 0 0 1 0 0
97 1 0 0 0 0 0 1 0 0
98 2 0 0 0 0 0 1 0 0
104 4 0 0 2 0 0 0 0 0
106 3 0 0 0 0 0 0 0 0
107 5 1 1 4 0 0 0 0 0
116 2 0 0 1 0 0 1 0 0
117 6 1 1 2 0 0 0 0 0
fl=/build/buildd/eglibc-2.19/nptl/../nptl/sysdeps/unix/sysv/linux/x86/elision-conf.c
fn=elision_init
64 1 1 1 0 0 0 0 0 0
65 5 0 0 1 0 0 2 0 0
69 2 0 0 1 0 0 0 0 0
fl=/build/buildd/eglibc-2.19/nptl/../sysdeps/unix/sysv/linux/bits/sigset.h
fn=__pthread_initialize_minimal
117 2 1 1 1 0 0 0 0 0
fl=/build/buildd/eglibc-2.19/nptl/../sysdeps/unix/sysv/linux/x86_64/sigaction.c
fn=__libc_sigaction
49 4 1 1 0 0 0 0 0 0
53 4 0 0 0 0 0 0 0 0
55 4 0 0 2 0 0 2 0 0
56 64 2 2 32 0 0 32 2 0
57 8 1 1 2 0 0 2 0 0
59 4 0 0 0 0 0 2 0 0
64 32 1 1 0 0 0 0 0 0
67 8 0 0 0 0 0 0 0 0
75 4 0 0 2 0 0 0 0 0
fl=/build/buildd/eglibc-2.19/nptl/../sysdeps/x86_64/multiarch/init-arch.c
fn=__get_cpu_features
31 7 1 1 0 0 0 4 0 0
37 3 0 0 0 0 0 0 0 0
38 3 0 0 0 0 0 0 0 0
39 2 0 0 0 0 0 0 0 0
54 3 0 0 0 0 0 1 0 0
57 6 1 1 0 0 0 0 0 0
59 4 0 0 0 0 0 0 0 0
65 3 0 0 0 0 0 0 0 0
66 2 0 0 0 0 0 0 0 0
71 2 0 0 0 0 0 0 0 0
74 12 1 1 0 0 0 0 0 0
101 2 1 1 0 0 0 0 0 0
123 1 0 0 1 1 1 0 0 0
152 2 1 1 1 0 0 0 0 0
153 7 0 0 0 0 0 4 0 0
160 3 1 1 1 0 0 0 0 0
164 2 0 0 0 0 0 0 0 0
166 3 0 0 0 0 0 0 0 0
170 2 0 0 0 0 0 0 0 0
171 1 0 0 1 0 0 0 0 0
173 2 0 0 0 0 0 0 0 0
176 2 0 0 1 0 0 0 0 0
184 6 3 3 0 0 0 0 0 0
185 4 0 0 0 0 0 0 0 0
186 2 0 0 0 0 0 0 0 0
189 1 0 0 0 0 0 1 0 0
190 1 0 0 0 0 0 1 0 0
192 1 0 0 0 0 0 1 0 0
199 1 0 0 0 0 0 1 0 0
200 3 1 1 1 1 1 0 0 0
204 3 0 0 2 0 0 0 0 0
fl=/build/buildd/eglibc-2.19/nptl/cleanup_defer_compat.c
fn=_pthread_cleanup_pop_restore
68 2 1 1 1 0 0 1 0 0
71 3 0 0 1 0 0 0 0 0
94 3 0 0 1 0 0 0 0 0
fn=_pthread_cleanup_push_defer
30 1 1 1 0 0 0 1 0 0
31 1 0 0 0 0 0 1 0 0
32 2 0 0 1 1 1 1 0 0
34 1 0 0 1 1 1 0 0 0
37 3 1 1 0 0 0 0 0 0
52 1 0 0 0 0 0 1 0 0
54 3 0 0 0 0 0 0 0 0
56 2 0 0 1 0 0 1 0 0
fl=/build/buildd/eglibc-2.19/nptl/nptl-init.c
fn=__pthread_initialize_minimal
281 4 2 2 0 0 0 3 0 0
295 1 0 0 1 0 0 0 0 0
297 5 0 0 0 0 0 2 1 0
298 2 0 0 0 0 0 1 1 0
299 1 0 0 0 0 0 1 1 0
303 3 1 1 2 1 0 1 0 0
308 2 0 0 0 0 0 1 0 0
310 1 0 0 0 0 0 1 0 0
312 1 0 0 0 0 0 1 0 0
315 3 0 0 0 0 0 0 0 0
340 1 1 1 0 0 0 1 0 0
346 8 0 0 0 0 0 1 0 0
349 2 0 0 0 0 0 0 0 0
350 2 0 0 0 0 0 0 0 0
351 2 0 0 0 0 0 1 1 1
358 3 1 1 2 2 0 1 1 0
361 2 0 0 0 0 0 1 1 1
362 1 0 0 0 0 0 0 0 0
366 2 0 0 1 1 0 1 0 0
372 2 1 1 0 0 0 1 0 0
373 1 0 0 0 0 0 1 0 0
374 22 0 0 0 0 0 16 0 0
376 4 0 0 0 0 0 1 0 0
379 2 0 0 0 0 0 1 0 0
380 1 0 0 0 0 0 1 0 0
382 4 0 0 0 0 0 1 0 0
389 6 0 0 0 0 0 0 0 0
395 3 0 0 0 0 0 1 0 0
398 3 0 0 1 0 0 0 0 0
400 3 2 2 0 0 0 1 0 0
402 6 1 1 1 0 0 1 0 0
407 5 1 1 0 0 0 1 0 0
408 3 0 0 1 0 0 0 0 0
412 1 0 0 0 0 0 0 0 0
415 3 0 0 0 0 0 0 0 0
419 2 0 0 2 0 0 0 0 0
420 5 0 0 1 0 0 0 0 0
425 4 1 1 0 0 0 1 0 0
426 4 0 0 1 0 0 0 0 0
427 2 0 0 1 0 0 1 1 1
428 3 0 0 2 0 0 1 1 1
429 2 1 1 2 0 0 0 0 0
433 5 0 0 2 0 0 3 0 0
434 2 0 0 1 0 0 1 0 0
438 2 1 1 0 0 0 1 1 0
439 2 0 0 0 0 0 1 0 0
440 1 0 0 1 1 0 0 0 0
441 1 0 0 0 0 0 1 0 0
442 2 0 0 0 0 0 0 0 0
443 1 0 0 0 0 0 0 0 0
445 2 0 0 0 0 0 1 0 0
448 2 0 0 0 0 0 1 0 0
450 2 0 0 0 0 0 1 0 0
454 1 0 0 0 0 0 1 0 0
456 4 1 1 0 0 0 1 0 0
460 1 0 0 0 0 0 1 0 0
461 5 0 0 4 0 0 0 0 0
fl=/build/buildd/eglibc-2.19/nptl/pthread_attr_init.c
fn=pthread_attr_init@@GLIBC_2.2.5
35 2 1 1 0 0 0 1 0 0
41 24 1 1 0 0 0 7 1 0
47 3 0 0 0 0 0 2 0 0
50 3 0 0 2 0 0 0 0 0
fl=/build/buildd/eglibc-2.19/nptl/pthread_attr_setdetachstate.c
fn=pthread_attr_setdetachstate
35 2 1 1 0 0 0 0 0 0
41 1 0 0 1 0 0 0 0 0
45 2 0 0 1 0 0 0 0 0
fl=/build/buildd/eglibc-2.19/nptl/pthread_key_create.c
fn=pthread_key_create
28 1 1 1 0 0 0 0 0 0
30 2 0 0 0 0 0 0 0 0
32 1 0 0 1 1 0 0 0 0
34 5 1 1 0 0 0 0 0 0
36 3 0 0 1 0 0 0 0 0
40 4 0 0 0 0 0 1 0 0
43 1 0 0 0 0 0 1 0 0
46 2 0 0 1 0 0 0 0 0
fl=/build/buildd/eglibc-2.19/nptl/pthread_mutex_unlock.c
fn=pthread_mutex_unlock
41 3 1 1 1 1 0 0 0 0
42 3 0 0 0 0 0 0 0 0
46 2 0 0 0 0 0 0 0 0
51 1 0 0 0 0 0 1 0 0
54 1 0 0 1 0 0 0 0 0
57 3 0 0 2 0 0 0 0 0
63 2 1 1 0 0 0 0 0 0
69 4 0 0 0 0 0 0 0 0
73 3 0 0 2 1 0 0 0 0
76 2 1 1 1 0 0 0 0 0
309 1 0 0 0 0 0 0 0 0
311 2 0 0 1 0 0 0 0 0
fl=/build/buildd/eglibc-2.19/nptl/pthread_self.c
fn=pthread_self
26 1 1 1 1 0 0 0 0 0
27 1 0 0 1 0 0 0 0 0
fl=/build/buildd/eglibc-2.19/posix/../posix/sched_cpucount.c
fn=popcount_cpucount
25 1 0 0 0 0 0 0 0 0
27 2 1 1 0 0 0 0 0 0
29 36 0 0 1 0 0 0 0 0
31 16 0 0 0 0 0 0 0 0
34 48 0 0 16 0 0 0 0 0
fl=/build/buildd/eglibc-2.19/posix/../sysdeps/unix/syscall-template.S
fn=uname
81 4 1 1 0 0 0 0 0 0
82 1 0 0 1 0 0 0 0 0
fl=/build/buildd/eglibc-2.19/posix/../sysdeps/x86_64/multiarch/sched_cpucount.c
fn=__sched_cpucount
35 1 1 1 0 0 0 0 0 0
fl=/build/buildd/eglibc-2.19/resource/../sysdeps/unix/syscall-template.S
fn=getrlimit
81 4 1 1 0 0 0 0 0 0
82 1 0 0 1 0 0 0 0 0
fl=/build/buildd/eglibc-2.19/setjmp/../sysdeps/x86_64/bsd-_setjmp.S
fn=_setjmp
30 1 1 1 0 0 0 0 0 0
32 1 0 0 0 0 0 0 0 0
fl=/build/buildd/eglibc-2.19/setjmp/../sysdeps/x86_64/setjmp.S
fn=__sigsetjmp
26 12 2 2 0 0 0 12 0 0
35 12 0 0 0 0 0 0 0 0
36 24 1 1 12 0 0 0 0 0
37 12 0 0 0 0 0 12 1 1
41 12 0 0 0 0 0 12 0 0
42 12 0 0 0 0 0 12 0 0
43 12 0 0 0 0 0 12 0 0
44 12 0 0 0 0 0 12 0 0
45 12 0 0 0 0 0 0 0 0
47 24 0 0 12 0 0 0 0 0
49 12 0 0 0 0 0 12 0 0
50 12 1 1 12 0 0 0 0 0
53 24 0 0 12 0 0 0 0 0
55 12 0 0 0 0 0 12 0 0
59 11 0 0 0 0 0 0 0 0
60 11 0 0 11 0 0 0 0 0
64 1 0 0 0 0 0 0 0 0
fl=/build/buildd/eglibc-2.19/setjmp/sigjmp.c
fn=__sigjmp_save
28 2 0 0 0 0 0 1 0 0
29 4 0 0 0 0 0 1 0 0
34 3 0 0 2 0 0 0 0 0
fl=/build/buildd/eglibc-2.19/stdio-common/_itoa.c
fn=_itoa_word
168 8 1 1 0 0 0 0 0 0
170 4 0 0 0 0 0 0 0 0
179 88 2 2 7 1 1 7 0 0
188 4 0 0 2 0 0 0 0 0
fl=/build/buildd/eglibc-2.19/stdio-common/printf-parse.h
fn=vfprintf
108 12 1 1 0 0 0 6 1 1
fl=/build/buildd/eglibc-2.19/stdio-common/vfprintf.c
fn=buffered_vfprintf
2323 6 1 1 0 0 0 4 0 0
2331 6 1 1 1 0 0 0 0 0
2335 1 0 0 0 0 0 1 1 1
2341 5 2 2 0 0 0 3 0 0
2342 1 0 0 0 0 0 1 0 0
2344 1 0 0 0 0 0 1 1 1
2349 1 0 0 0 0 0 1 1 1
2351 2 0 0 1 0 0 1 1 1
2352 2 0 0 0 0 0 1 0 0
2356 3 0 0 0 0 0 1 1 1
2362 11 3 3 4 2 2 1 0 0
2363 8 1 1 5 0 0 0 0 0
2375 5 0 0 2 0 0 0 0 0
2377 4 1 1 2 1 1 1 0 0
2378 3 0 0 0 0 0 0 0 0
2383 5 0 0 3 0 0 0 0 0
2384 9 0 0 2 0 0 1 0 0
2386 1 0 0 0 0 0 0 0 0
2387 6 0 0 5 0 0 0 0 0
fn=vfprintf
235 22 2 2 0 0 0 12 1 1
240 1 0 0 0 0 0 1 0 0
270 6 0 0 4 1 1 2 2 2
274 1 0 0 0 0 0 1 0 0
277 1 1 1 0 0 0 1 1 1
283 1 0 0 0 0 0 1 0 0
1295 9 1 1 2 1 1 1 0 0
1299 10 1 1 2 0 0 0 0 0
1310 4 0 0 0 0 0 0 0 0
1313 4 1 1 0 0 0 1 1 1
1317 1 0 0 0 0 0 1 0 0
1321 6 0 0 3 0 0 3 2 2
1325 1 0 0 0 0 0 1 0 0
1332 1 0 0 0 0 0 1 1 1
1336 3 0 0 0 0 0 1 0 0
1340 13 2 2 3 1 1 3 0 0
1344 3 1 1 2 0 0 0 0 0
1348 7 0 0 3 2 2 0 0 0
1375 2 0 0 0 0 0 2 1 1
1376 2 0 0 0 0 0 2 0 0
1377 2 1 1 0 0 0 2 0 0
1378 2 0 0 0 0 0 2 0 0
1379 2 0 0 0 0 0 2 0 0
1380 2 0 0 0 0 0 2 0 0
1381 2 0 0 0 0 0 2 0 0
1382 2 0 0 0 0 0 2 0 0
1383 2 0 0 0 0 0 2 0 0
1384 2 1 1 0 0 0 2 0 0
1385 2 0 0 0 0 0 2 0 0
1388 2 0 0 0 0 0 2 0 0
1389 2 0 0 0 0 0 2 0 0
1392 2 0 0 0 0 0 2 0 0
1393 2 0 0 0 0 0 0 0 0
1396 34 2 2 8 2 2 4 0 0
1559 6 0 0 0 0 0 2 0 0
1580 4 0 0 0 0 0 2 1 1
1660 222 23 23 78 0 0 22 0 0
1678 3 0 0 1 0 0 0 0 0
1680 4 1 1 2 0 0 0 0 0
1682 2 0 0 0 0 0 2 0 0
1688 8 1 1 2 0 0 4 0 0
1692 46 1 1 10 0 0 6 0 0
1694 4 0 0 2 0 0 0 0 0
2091 2 1 1 1 0 0 0 0 0
2093 2 1 1 1 0 0 0 0 0
2095 2 0 0 1 0 0 0 0 0
2098 2 0 0 1 0 0 0 0 0
2099 3 0 0 1 0 0 0 0 0
2101 1 0 0 1 0 0 0 0 0
2102 16 0 0 14 0 0 0 0 0
fl=/build/buildd/eglibc-2.19/stdlib/../stdlib/strtol.c
fn=strtol
108 12 1 1 6 0 0 0 0 0
fl=/build/buildd/eglibc-2.19/stdlib/../stdlib/strtol_l.c
fn=____strtol_l_internal
232 27 1 1 0 0 0 21 0 0
246 3 0 0 3 1 0 0 0 0
252 3 0 0 0 0 0 0 0 0
258 6 1 1 0 0 0 0 0 0
279 3 0 0 0 0 0 0 0 0
280 3 0 0 0 0 0 0 0 0
289 12 0 0 0 0 0 0 0 0
298 18 0 0 9 3 1 0 0 0
300 6 1 1 0 0 0 0 0 0
304 3 0 0 0 0 0 3 0 0
305 6 0 0 0 0 0 0 0 0
310 6 0 0 0 0 0 0 0 0
314 6 0 0 0 0 0 0 0 0
324 6 0 0 0 0 0 0 0 0
331 9 1 1 0 0 0 0 0 0
334 15 2 2 0 0 0 0 0 0
376 3 0 0 0 0 0 0 0 0
379 9 0 0 3 1 1 0 0 0
380 9 0 0 3 1 1 3 0 0
382 3 0 0 0 0 0 0 0 0
383 3 0 0 0 0 0 0 0 0
384 3 0 0 0 0 0 0 0 0
438 56 0 0 10 0 0 0 0 0
440 30 1 1 0 0 0 0 0 0
442 30 0 0 0 0 0 0 0 0
456 6 1 1 0 0 0 3 0 0
470 30 1 1 0 0 0 0 0 0
473 40 0 0 0 0 0 0 0 0
478 13 0 0 0 0 0 0 0 0
479 20 0 0 0 0 0 0 0 0
484 6 1 1 0 0 0 0 0 0
489 9 0 0 3 0 0 0 0 0
495 6 0 0 0 0 0 0 0 0
496 9 1 1 0 0 0 0 0 0
498 9 0 0 3 0 0 0 0 0
513 3 0 0 0 0 0 0 0 0
531 24 1 1 21 0 0 0 0 0
fl=/build/buildd/eglibc-2.19/stdlib/cxa_atexit.c
fn=__cxa_atexit
35 2 0 0 0 0 0 1 0 0
37 2 0 0 0 0 0 0 0 0
41 3 0 0 1 0 0 0 0 0
43 1 0 0 0 0 0 1 0 0
44 1 0 0 0 0 0 1 0 0
45 1 0 0 0 0 0 1 0 0
47 1 1 1 0 0 0 1 0 0
48 1 0 0 0 0 0 0 0 0
57 6 1 1 0 0 0 3 0 0
59 4 0 0 4 0 0 0 0 0
fn=__new_exitfn
73 4 1 1 0 0 0 2 0 0
74 2 0 0 0 0 0 0 0 0
79 6 0 0 2 2 1 0 0 0
81 8 2 2 2 1 0 0 0 0
83 3 0 0 1 1 0 0 0 0
91 1 0 0 0 0 0 1 0 0
112 1 1 1 0 0 0 0 0 0
113 2 0 0 0 0 0 1 0 0
126 1 1 1 0 0 0 1 0 0
127 1 0 0 1 1 1 0 0 0
130 4 0 0 2 0 0 0 0 0
133 5 0 0 3 0 0 0 0 0
fl=/build/buildd/eglibc-2.19/stdlib/getenv.c
fn=getenv
35 96 2 2 0 0 0 72 0 0
36 24 0 0 0 0 0 12 0 0
40 84 0 0 36 0 0 0 0 0
43 24 0 0 12 0 0 0 0 0
68 12 1 1 12 0 0 0 0 0
73 12 0 0 0 0 0 0 0 0
74 12 0 0 0 0 0 0 0 0
76 3108 1 1 780 9 0 0 0 0
85 1536 0 0 768 31 0 0 0 0
92 108 0 0 84 0 0 0 0 0
fl=/build/buildd/eglibc-2.19/string/../bits/stdlib-bsearch.h
fn=intel_check_word
27 8 1 1 0 0 0 0 0 0
28 16 0 0 0 0 0 0 0 0
29 110 0 0 0 0 0 0 0 0
31 154 0 0 0 0 0 0 0 0
32 54 0 0 0 0 0 0 0 0
37 8 1 1 0 0 0 0 0 0
fl=/build/buildd/eglibc-2.19/string/../string/memcmp.c
fn=bcmp
105 25 1 1 25 0 0 0 0 0
106 50 0 0 25 0 0 0 0 0
110 55 0 0 0 0 0 0 0 0
111 15 1 1 0 0 0 0 0 0
129 35 1 1 0 0 0 0 0 0
133 5 1 1 5 1 1 0 0 0
134 5 0 0 5 0 0 0 0 0
135 5 0 0 0 0 0 0 0 0
136 5 0 0 0 0 0 0 0 0
137 5 0 0 0 0 0 0 0 0
183 5 0 0 5 1 1 0 0 0
184 5 0 0 5 0 0 0 0 0
185 40 0 0 0 0 0 10 2 2
221 4 0 0 0 0 0 0 0 0
222 8 0 0 0 0 0 0 0 0
226 8 0 0 0 0 0 0 0 0
228 28 1 1 0 0 0 0 0 0
232 4 0 0 4 0 0 0 0 0
233 4 0 0 4 0 0 0 0 0
234 4 0 0 4 0 0 0 0 0
235 4 0 0 0 0 0 0 0 0
236 4 0 0 0 0 0 0 0 0
237 4 0 0 0 0 0 0 0 0
289 4 0 0 4 0 0 0 0 0
290 4 0 0 4 1 1 0 0 0
291 24 1 1 0 0 0 0 0 0
292 8 0 0 0 0 0 0 0 0
299 8 1 1 0 0 0 0 0 0
304 24 1 1 0 0 0 0 0 0
305 8 0 0 0 0 0 0 0 0
315 161 1 1 0 0 0 138 2 2
318 23 0 0 0 0 0 0 0 0
319 23 0 0 0 0 0 0 0 0
322 46 0 0 0 0 0 0 0 0
326 33 0 0 0 0 0 0 0 0
328 2 0 0 2 1 1 0 0 0
329 2 0 0 2 0 0 0 0 0
330 2 0 0 0 0 0 0 0 0
331 2 0 0 0 0 0 0 0 0
333 4 0 0 0 0 0 0 0 0
335 2 0 0 0 0 0 0 0 0
342 27 1 1 0 0 0 0 0 0
343 18 0 0 0 0 0 0 0 0
346 10 0 0 0 0 0 0 0 0
350 12 0 0 0 0 0 0 0 0
351 4 0 0 0 0 0 0 0 0
352 4 0 0 0 0 0 0 0 0
356 250 2 2 0 0 0 0 0 0
358 108 0 0 108 1 1 0 0 0
359 108 0 0 108 5 5 0 0 0
360 108 0 0 0 0 0 0 0 0
363 351 0 0 0 0 0 0 0 0
368 17 0 0 0 0 0 0 0 0
369 184 0 0 161 0 0 0 0 0
fl=/build/buildd/eglibc-2.19/string/../sysdeps/x86_64/memcpy.S
fn=mempcpy
61 84 1 1 0 0 0 0 0 0
65 84 0 0 0 0 0 0 0 0
68 82 0 0 0 0 0 0 0 0
69 82 0 0 0 0 0 0 0 0
71 30 0 0 30 1 1 0 0 0
72 30 0 0 0 0 0 30 3 3
74 30 0 0 0 0 0 0 0 0
75 30 0 0 0 0 0 0 0 0
80 82 0 0 0 0 0 0 0 0
81 82 0 0 0 0 0 0 0 0
83 44 0 0 44 0 0 0 0 0
84 44 0 0 0 0 0 44 0 0
86 44 0 0 0 0 0 0 0 0
87 44 0 0 0 0 0 0 0 0
92 82 0 0 0 0 0 0 0 0
93 82 0 0 0 0 0 0 0 0
95 26 0 0 26 0 0 0 0 0
96 26 0 0 0 0 0 26 0 0
98 26 0 0 0 0 0 0 0 0
99 26 0 0 0 0 0 0 0 0
104 82 0 0 0 0 0 0 0 0
105 82 0 0 0 0 0 0 0 0
107 35 0 0 35 0 0 0 0 0
108 35 0 0 0 0 0 35 1 1
110 35 0 0 0 0 0 0 0 0
111 70 0 0 0 0 0 0 0 0
116 82 1 1 0 0 0 0 0 0
117 95 0 0 0 0 0 0 0 0
122 13 0 0 13 1 0 0 0 0
123 13 0 0 13 0 0 0 0 0
124 13 0 0 0 0 0 13 1 1
125 13 0 0 0 0 0 13 0 0
127 13 0 0 0 0 0 0 0 0
129 13 0 0 0 0 0 0 0 0
130 13 0 0 0 0 0 0 0 0
132 13 0 0 0 0 0 0 0 0
138 82 0 0 0 0 0 0 0 0
142 82 0 0 82 0 0 0 0 0
154 5 1 1 0 0 0 0 0 0
156 5 0 0 0 0 0 0 0 0
157 5 0 0 0 0 0 0 0 0
183 5 0 0 0 0 0 0 0 0
184 5 0 0 0 0 0 0 0 0
187 5 0 0 0 0 0 0 0 0
188 5 0 0 0 0 0 0 0 0
189 5 0 0 0 0 0 0 0 0
194 5 1 1 0 0 0 0 0 0
196 5 0 0 5 0 0 0 0 0
197 5 0 0 5 0 0 0 0 0
198 5 0 0 5 0 0 0 0 0
199 5 0 0 5 0 0 0 0 0
201 5 0 0 0 0 0 5 0 0
202 5 0 0 0 0 0 5 2 2
203 5 0 0 0 0 0 5 0 0
204 5 0 0 0 0 0 5 1 1
206 5 0 0 0 0 0 0 0 0
207 5 0 0 0 0 0 0 0 0
209 5 0 0 0 0 0 0 0 0
231 5 1 1 0 0 0 0 0 0
233 5 0 0 0 0 0 0 0 0
235 2 0 0 0 0 0 0 0 0
242 2 0 0 2 0 0 0 0 0
fl=/build/buildd/eglibc-2.19/string/../sysdeps/x86_64/memset.S
fn=memset
53 513 1 1 0 0 0 0 0 0
54 513 0 0 0 0 0 0 0 0
55 513 0 0 0 0 0 0 0 0
56 513 0 0 0 0 0 0 0 0
57 513 0 0 0 0 0 0 0 0
59 513 0 0 0 0 0 0 0 0
60 513 0 0 0 0 0 0 0 0
77 513 1 1 0 0 0 0 0 0
78 513 0 0 0 0 0 513 1 1
79 513 0 0 0 0 0 0 0 0
80 513 0 0 0 0 0 513 512 512
81 513 0 0 0 0 0 513 0 0
82 513 0 0 0 0 0 513 0 0
83 513 0 0 0 0 0 513 512 512
84 513 0 0 0 0 0 513 512 512
85 513 1 1 0 0 0 513 0 0
86 513 0 0 0 0 0 513 0 0
87 513 0 0 0 0 0 0 0 0
88 513 0 0 0 0 0 0 0 0
89 513 0 0 0 0 0 0 0 0
90 1026 0 0 0 0 0 0 0 0
93 24577 0 0 0 0 0 24577 23552 23552
94 24577 0 0 0 0 0 24577 0 0
95 24577 0 0 0 0 0 24577 0 0
96 24577 0 0 0 0 0 24577 0 0
97 24577 0 0 0 0 0 0 0 0
98 24577 0 0 0 0 0 0 0 0
99 24577 0 0 0 0 0 0 0 0
100 513 1 1 513 0 0 0 0 0
fl=/build/buildd/eglibc-2.19/string/../sysdeps/x86_64/multiarch/../cacheinfo.c
fn=handle_intel
305 16 0 0 0 0 0 12 0 0
306 4 1 1 0 0 0 0 0 0
317 6 0 0 0 0 0 2 0 0
319 2 1 1 0 0 0 2 0 0
320 4 0 0 0 0 0 2 0 0
322 2 0 0 0 0 0 0 0 0
328 8 1 1 0 0 0 2 0 0
333 4 0 0 0 0 0 0 0 0
335 6 0 0 0 0 0 2 0 0
336 2 0 0 0 0 0 0 0 0
340 10 0 0 0 0 0 2 0 0
341 4 0 0 0 0 0 0 0 0
344 10 1 1 0 0 0 2 0 0
345 4 0 0 0 0 0 0 0 0
362 16 1 1 14 0 0 0 0 0
fn=init_cacheinfo
550 3 1 1 0 0 0 3 0 0
563 3 0 0 1 0 0 0 0 0
570 2 0 0 0 0 0 0 0 0
572 4 0 0 1 0 0 1 0 0
575 1 0 0 0 0 0 0 0 0
576 4 1 1 1 0 0 1 0 0
578 2 0 0 0 0 0 0 0 0
589 1 0 0 1 0 0 0 0 0
607 4 0 0 1 0 0 0 0 0
614 17 1 1 0 0 0 0 0 0
620 8 0 0 0 0 0 0 0 0
623 20 0 0 0 0 0 0 0 0
625 2 1 1 0 0 0 0 0 0
631 5 0 0 0 0 0 0 0 0
638 9 1 1 0 0 0 0 0 0
640 2 0 0 0 0 0 0 0 0
642 8 0 0 0 0 0 0 0 0
644 4 0 0 0 0 0 0 0 0
649 1 1 1 0 0 0 0 0 0
651 4 0 0 0 0 0 0 0 0
652 2 0 0 0 0 0 0 0 0
653 1 0 0 0 0 0 0 0 0
657 2 0 0 0 0 0 0 0 0
669 4 0 0 0 0 0 0 0 0
670 5 1 1 0 0 0 0 0 0
744 2 0 0 0 0 0 0 0 0
746 3 1 1 0 0 0 1 0 0
747 1 0 0 0 0 0 1 1 1
749 1 0 0 0 0 0 0 0 0
750 3 0 0 0 0 0 1 0 0
751 1 0 0 0 0 0 1 0 0
754 2 0 0 0 0 0 0 0 0
756 3 0 0 0 0 0 1 0 0
757 1 0 0 0 0 0 1 1 1
759 1 0 0 0 0 0 0 0 0
760 3 0 0 0 0 0 1 0 0
761 1 0 0 0 0 0 1 0 0
763 4 0 0 4 0 0 0 0 0
fn=intel_check_word
150 108 0 0 54 6 6 0 0 0
153 54 1 1 0 0 0 0 0 0
161 16 0 0 0 0 0 12 0 0
162 8 1 1 0 0 0 0 0 0
164 2 0 0 0 0 0 0 0 0
168 28 0 0 0 0 0 0 0 0
170 32 1 1 0 0 0 0 0 0
172 10 0 0 0 0 0 0 0 0
174 20 0 0 0 0 0 0 0 0
182 20 0 0 0 0 0 0 0 0
194 39 2 2 0 0 0 0 0 0
199 16 0 0 0 0 0 0 0 0
203 10 1 1 0 0 0 0 0 0
205 5 0 0 0 0 0 0 0 0
210 8 0 0 0 0 0 0 0 0
213 2 1 1 0 0 0 0 0 0
215 4 1 1 0 0 0 0 0 0
217 10 2 2 0 0 0 0 0 0
218 8 0 0 0 0 0 0 0 0
219 8 0 0 0 0 0 0 0 0
220 2 0 0 0 0 0 0 0 0
228 3 0 0 0 0 0 0 0 0
235 16 0 0 0 0 0 0 0 0
295 8 0 0 0 0 0 0 0 0
300 16 0 0 16 0 0 0 0 0
fl=/build/buildd/eglibc-2.19/string/../sysdeps/x86_64/multiarch/../memcpy.S
fn=memcpy
61 28 1 1 0 0 0 0 0 0
63 28 0 0 0 0 0 0 0 0
65 28 0 0 0 0 0 0 0 0
68 28 0 0 0 0 0 0 0 0
69 28 0 0 0 0 0 0 0 0
71 11 1 1 11 0 0 0 0 0
72 11 0 0 0 0 0 11 3 3
74 11 0 0 0 0 0 0 0 0
75 11 0 0 0 0 0 0 0 0
80 28 0 0 0 0 0 0 0 0
81 28 0 0 0 0 0 0 0 0
83 8 0 0 8 0 0 0 0 0
84 8 0 0 0 0 0 8 2 2
86 8 0 0 0 0 0 0 0 0
87 16 0 0 0 0 0 0 0 0
92 28 0 0 0 0 0 0 0 0
93 28 0 0 0 0 0 0 0 0
95 7 0 0 7 0 0 0 0 0
96 7 0 0 0 0 0 7 0 0
98 7 0 0 0 0 0 0 0 0
99 7 0 0 0 0 0 0 0 0
104 28 0 0 0 0 0 0 0 0
105 28 0 0 0 0 0 0 0 0
107 16 0 0 16 0 0 0 0 0
108 16 0 0 0 0 0 16 2 2
110 16 0 0 0 0 0 0 0 0
111 16 0 0 0 0 0 0 0 0
116 28 1 1 0 0 0 0 0 0
117 44 0 0 0 0 0 0 0 0
122 16 0 0 16 0 0 0 0 0
123 16 0 0 16 0 0 0 0 0
124 16 0 0 0 0 0 16 2 2
125 16 0 0 0 0 0 16 3 3
127 16 0 0 0 0 0 0 0 0
129 16 0 0 0 0 0 0 0 0
130 16 0 0 0 0 0 0 0 0
132 16 0 0 0 0 0 0 0 0
140 28 0 0 28 0 0 0 0 0
148 9 0 0 0 0 0 9 0 0
154 9 0 0 0 0 0 0 0 0
156 9 0 0 0 0 0 0 0 0
157 9 0 0 0 0 0 0 0 0
160 5 0 0 0 0 0 0 0 0
161 10 0 0 0 0 0 0 0 0
166 14 0 0 14 0 0 0 0 0
167 14 0 0 0 0 0 14 0 0
169 14 0 0 0 0 0 0 0 0
171 14 0 0 0 0 0 0 0 0
172 14 0 0 0 0 0 0 0 0
174 19 0 0 0 0 0 0 0 0
183 9 1 1 0 0 0 0 0 0
184 9 0 0 0 0 0 0 0 0
187 9 0 0 0 0 0 0 0 0
188 9 0 0 0 0 0 0 0 0
189 9 0 0 0 0 0 0 0 0
194 6 1 1 0 0 0 0 0 0
196 6 0 0 6 0 0 0 0 0
197 6 0 0 6 0 0 0 0 0
198 6 0 0 6 0 0 0 0 0
199 6 0 0 6 0 0 0 0 0
201 6 0 0 0 0 0 6 1 1
202 6 0 0 0 0 0 6 0 0
203 6 0 0 0 0 0 6 0 0
204 6 0 0 0 0 0 6 0 0
206 6 0 0 0 0 0 0 0 0
207 6 0 0 0 0 0 0 0 0
209 6 0 0 0 0 0 0 0 0
231 9 1 1 0 0 0 0 0 0
237 9 0 0 9 0 0 0 0 0
238 9 0 0 0 0 0 0 0 0
fl=/build/buildd/eglibc-2.19/string/../sysdeps/x86_64/multiarch/../rtld-strlen.S
fn=strlen
26 29 1 1 0 0 0 0 0 0
27 29 0 0 0 0 0 0 0 0
28 29 0 0 0 0 0 0 0 0
29 29 0 0 0 0 0 0 0 0
31 15 0 0 0 0 0 0 0 0
32 15 0 0 0 0 0 0 0 0
34 51 0 0 51 1 1 0 0 0
35 51 0 0 0 0 0 0 0 0
36 50 0 0 0 0 0 0 0 0
37 50 0 0 0 0 0 0 0 0
38 50 0 0 0 0 0 0 0 0
40 56 1 1 0 0 0 0 0 0
45 36 0 0 36 1 1 0 0 0
46 36 0 0 0 0 0 0 0 0
47 36 0 0 0 0 0 0 0 0
48 36 0 0 0 0 0 0 0 0
51 36 0 0 0 0 0 0 0 0
52 30 0 0 0 0 0 0 0 0
53 30 0 0 0 0 0 0 0 0
54 30 0 0 0 0 0 0 0 0
56 30 0 0 0 0 0 0 0 0
59 25 0 0 25 1 1 0 0 0
60 25 0 0 0 0 0 0 0 0
61 25 0 0 0 0 0 0 0 0
62 25 0 0 0 0 0 0 0 0
65 25 0 0 0 0 0 0 0 0
66 20 0 0 0 0 0 0 0 0
67 20 0 0 0 0 0 0 0 0
68 20 1 1 0 0 0 0 0 0
70 20 0 0 0 0 0 0 0 0
73 14 0 0 14 0 0 0 0 0
74 14 0 0 0 0 0 0 0 0
75 14 0 0 0 0 0 0 0 0
76 14 0 0 0 0 0 0 0 0
79 14 0 0 0 0 0 0 0 0
80 13 0 0 0 0 0 0 0 0
81 13 0 0 0 0 0 0 0 0
82 13 0 0 0 0 0 0 0 0
84 13 0 0 0 0 0 0 0 0
87 13 0 0 13 0 0 0 0 0
88 13 0 0 0 0 0 0 0 0
89 13 0 0 0 0 0 0 0 0
90 13 0 0 0 0 0 0 0 0
93 13 0 0 0 0 0 0 0 0
94 11 0 0 0 0 0 0 0 0
95 11 0 0 0 0 0 0 0 0
96 11 0 0 0 0 0 0 0 0
98 14 0 0 0 0 0 0 0 0
101 28 1 1 0 0 0 0 0 0
103 28 0 0 0 0 0 0 0 0
104 28 0 0 0 0 0 0 0 0
105 26 0 0 0 0 0 0 0 0
107 26 0 0 0 0 0 0 0 0
108 26 0 0 0 0 0 0 0 0
109 26 0 0 0 0 0 0 0 0
111 26 0 0 0 0 0 0 0 0
112 26 0 0 0 0 0 0 0 0
113 21 0 0 0 0 0 0 0 0
115 21 0 0 0 0 0 0 0 0
116 21 0 0 0 0 0 0 0 0
117 19 0 0 0 0 0 0 0 0
119 19 0 0 0 0 0 0 0 0
121 19 0 0 0 0 0 0 0 0
122 19 0 0 0 0 0 0 0 0
123 15 0 0 0 0 0 0 0 0
125 15 0 0 0 0 0 0 0 0
126 15 0 0 0 0 0 0 0 0
127 12 0 0 0 0 0 0 0 0
129 12 0 0 0 0 0 0 0 0
130 12 0 0 0 0 0 0 0 0
131 7 0 0 0 0 0 0 0 0
133 29 1 1 0 0 0 0 0 0
134 29 0 0 29 0 0 0 0 0
fl=/build/buildd/eglibc-2.19/string/../sysdeps/x86_64/multiarch/../strchr.S
fn=index
24 20 1 1 0 0 0 0 0 0
25 20 0 0 0 0 0 0 0 0
26 20 0 0 0 0 0 0 0 0
27 20 0 0 0 0 0 0 0 0
28 20 0 0 0 0 0 0 0 0
29 20 0 0 0 0 0 0 0 0
30 20 0 0 0 0 0 0 0 0
31 20 0 0 0 0 0 0 0 0
32 20 0 0 20 5 5 0 0 0
33 20 0 0 0 0 0 0 0 0
34 20 0 0 0 0 0 0 0 0
35 20 1 1 0 0 0 0 0 0
36 20 0 0 0 0 0 0 0 0
37 20 0 0 0 0 0 0 0 0
38 20 0 0 0 0 0 0 0 0
39 20 0 0 0 0 0 0 0 0
40 20 0 0 0 0 0 0 0 0
41 15 0 0 0 0 0 0 0 0
45 15 0 0 0 0 0 0 0 0
46 15 0 0 0 0 0 0 0 0
47 15 0 0 15 0 0 0 0 0
48 15 0 0 0 0 0 0 0 0
50 15 0 0 15 0 0 0 0 0
54 5 0 0 5 0 0 0 0 0
55 5 0 0 0 0 0 0 0 0
56 5 0 0 0 0 0 0 0 0
57 5 0 0 0 0 0 0 0 0
58 5 0 0 0 0 0 0 0 0
59 5 1 1 0 0 0 0 0 0
60 5 0 0 5 1 1 0 0 0
61 5 0 0 0 0 0 0 0 0
62 5 0 0 0 0 0 0 0 0
63 5 0 0 0 0 0 0 0 0
64 5 0 0 0 0 0 0 0 0
65 5 0 0 0 0 0 0 0 0
66 5 0 0 0 0 0 0 0 0
67 5 0 0 5 0 0 0 0 0
68 5 0 0 0 0 0 0 0 0
69 5 0 0 0 0 0 0 0 0
70 5 0 0 0 0 0 0 0 0
71 5 0 0 0 0 0 0 0 0
72 5 0 0 0 0 0 0 0 0
73 5 0 0 0 0 0 0 0 0
74 5 0 0 0 0 0 0 0 0
75 5 1 1 0 0 0 0 0 0
76 5 0 0 0 0 0 0 0 0
77 5 0 0 0 0 0 0 0 0
129 5 1 1 0 0 0 0 0 0
133 5 0 0 0 0 0 0 0 0
134 5 0 0 0 0 0 0 0 0
135 5 0 0 5 0 0 0 0 0
136 5 1 1 0 0 0 0 0 0
138 5 0 0 5 0 0 0 0 0
fl=/build/buildd/eglibc-2.19/string/../sysdeps/x86_64/multiarch/../strcmp.S
fn=strcmp
131 3791 1 1 3791 75 50 0 0 0
132 3791 0 0 3791 52 31 0 0 0
133 3791 0 0 0 0 0 0 0 0
134 3148 0 0 0 0 0 0 0 0
135 3148 0 0 0 0 0 0 0 0
136 3148 0 0 0 0 0 0 0 0
137 3148 0 0 0 0 0 0 0 0
139 214 0 0 0 0 0 0 0 0
140 214 0 0 214 0 0 0 0 0
142 643 0 0 0 0 0 0 0 0
143 643 0 0 0 0 0 0 0 0
144 643 0 0 0 0 0 0 0 0
145 643 0 0 643 0 0 0 0 0
fl=/build/buildd/eglibc-2.19/string/../sysdeps/x86_64/multiarch/memcpy-sse2-unaligned.S
fn=__memcpy_sse2_unaligned
25 3840 1 1 0 0 0 0 0 0
26 3840 0 0 0 0 0 0 0 0
27 3840 0 0 0 0 0 0 0 0
28 3840 0 0 0 0 0 0 0 0
29 3840 0 0 0 0 0 0 0 0
30 3840 0 0 0 0 0 0 0 0
31 3840 0 0 0 0 0 0 0 0
32 3840 0 0 0 0 0 0 0 0
33 3840 0 0 3840 1444 1444 0 0 0
34 3840 0 0 0 0 0 0 0 0
35 3840 0 0 0 0 0 3840 1440 1440
36 3840 1 1 3840 3840 3840 0 0 0
37 3840 0 0 0 0 0 3840 3840 3840
38 3840 0 0 0 0 0 0 0 0
40 3840 0 0 0 0 0 0 0 0
41 3840 0 0 3840 0 0 0 0 0
45 3840 0 0 3840 288 288 0 0 0
46 3840 0 0 0 0 0 0 0 0
47 3840 0 0 0 0 0 3840 288 288
48 3840 0 0 3840 288 288 0 0 0
49 3840 0 0 0 0 0 3840 288 288
50 3840 0 0 0 0 0 0 0 0
51 3840 1 1 3840 1824 1824 0 0 0
52 3840 0 0 0 0 0 0 0 0
53 3840 0 0 0 0 0 3840 1824 1824
54 3840 0 0 3840 1824 1824 0 0 0
55 3840 0 0 0 0 0 3840 1824 1824
56 3840 0 0 3840 288 288 0 0 0
57 3840 0 0 0 0 0 3840 288 288
58 3840 0 0 3840 288 288 0 0 0
59 3840 0 0 0 0 0 3840 288 288
60 3840 0 0 0 0 0 0 0 0
61 3840 1 1 0 0 0 0 0 0
62 3840 0 0 0 0 0 0 0 0
63 3840 0 0 0 0 0 0 0 0
64 3840 0 0 0 0 0 0 0 0
65 3840 0 0 0 0 0 0 0 0
66 3840 0 0 0 0 0 0 0 0
67 3840 0 0 0 0 0 0 0 0
68 3840 0 0 0 0 0 0 0 0
69 3840 0 0 0 0 0 0 0 0
70 3840 0 0 0 0 0 0 0 0
71 3840 0 0 0 0 0 0 0 0
72 3840 0 0 0 0 0 0 0 0
73 3840 0 0 0 0 0 0 0 0
74 3840 0 0 0 0 0 0 0 0
78 112800 0 0 112800 106560 106560 0 0 0
79 112800 0 0 0 0 0 112800 106560 106560
80 112800 1 1 112800 0 0 0 0 0
81 112800 0 0 0 0 0 112800 0 0
82 112800 0 0 112800 0 0 0 0 0
83 112800 0 0 0 0 0 112800 0 0
84 112800 0 0 112800 0 0 0 0 0
85 112800 0 0 0 0 0 112800 0 0
86 112800 0 0 0 0 0 0 0 0
87 112800 0 0 0 0 0 0 0 0
88 112800 0 0 0 0 0 0 0 0
89 3840 0 0 0 0 0 0 0 0
fl=/build/buildd/eglibc-2.19/string/../sysdeps/x86_64/multiarch/memcpy.S
fn=memcpy@@GLIBC_2.14
32 1 1 1 1 1 1 0 0 0
33 1 0 0 0 0 0 0 0 0
35 1 1 1 0 0 0 0 0 0
36 1 0 0 1 1 1 0 0 0
37 1 0 0 0 0 0 0 0 0
38 1 0 0 0 0 0 0 0 0
39 1 0 0 1 0 0 0 0 0
fl=/build/buildd/eglibc-2.19/string/../sysdeps/x86_64/multiarch/memmove.c
fn=memcpy@GLIBC_2.2.5
49 1 1 1 0 0 0 0 0 0
fl=/build/buildd/eglibc-2.19/string/../sysdeps/x86_64/multiarch/strcmp.S
fn=strcasecmp
114 1 1 1 1 1 1 0 0 0
115 1 0 0 0 0 0 0 0 0
116 1 0 0 0 0 0 1 0 0
119 1 0 0 0 0 0 0 0 0
120 1 0 0 1 0 0 0 0 0
121 1 1 1 0 0 0 0 0 0
132 1 0 0 1 0 0 0 0 0
fn=strncasecmp
140 1 1 1 1 0 0 0 0 0
141 1 0 0 0 0 0 0 0 0
145 1 0 0 0 0 0 0 0 0
146 1 0 0 1 0 0 0 0 0
147 1 0 0 0 0 0 0 0 0
158 1 1 1 1 0 0 0 0 0
fl=/build/buildd/eglibc-2.19/string/../sysdeps/x86_64/rtld-memset.S
fn=memset
30 17 1 1 0 0 0 0 0 0
31 17 0 0 0 0 0 0 0 0
32 17 0 0 0 0 0 0 0 0
33 5885 0 0 0 0 0 5868 94 94
34 17 0 0 0 0 0 0 0 0
35 17 0 0 17 0 0 0 0 0
fl=/build/buildd/eglibc-2.19/string/../sysdeps/x86_64/strchr.S
fn=strchrnul
24 3 1 1 0 0 0 0 0 0
25 3 0 0 0 0 0 0 0 0
26 3 0 0 0 0 0 0 0 0
27 3 0 0 0 0 0 0 0 0
28 3 0 0 0 0 0 0 0 0
29 3 0 0 0 0 0 0 0 0
30 3 0 0 0 0 0 0 0 0
31 3 0 0 0 0 0 0 0 0
32 3 0 0 3 1 1 0 0 0
33 3 0 0 0 0 0 0 0 0
34 3 0 0 0 0 0 0 0 0
35 3 0 0 0 0 0 0 0 0
36 3 0 0 0 0 0 0 0 0
37 3 0 0 0 0 0 0 0 0
38 3 0 0 0 0 0 0 0 0
39 3 1 1 0 0 0 0 0 0
40 3 0 0 0 0 0 0 0 0
41 2 0 0 0 0 0 0 0 0
43 2 0 0 0 0 0 0 0 0
50 2 0 0 2 0 0 0 0 0
54 1 0 0 1 0 0 0 0 0
55 1 0 0 0 0 0 0 0 0
56 1 0 0 0 0 0 0 0 0
57 1 0 0 0 0 0 0 0 0
58 1 0 0 0 0 0 0 0 0
59 1 0 0 0 0 0 0 0 0
60 1 0 0 1 0 0 0 0 0
61 1 0 0 0 0 0 0 0 0
62 1 0 0 0 0 0 0 0 0
63 1 0 0 0 0 0 0 0 0
64 1 0 0 0 0 0 0 0 0
65 1 1 1 0 0 0 0 0 0
66 1 0 0 0 0 0 0 0 0
67 1 0 0 1 0 0 0 0 0
68 1 0 0 0 0 0 0 0 0
69 1 0 0 0 0 0 0 0 0
70 1 0 0 0 0 0 0 0 0
71 1 0 0 0 0 0 0 0 0
72 1 0 0 0 0 0 0 0 0
73 1 0 0 0 0 0 0 0 0
74 1 0 0 0 0 0 0 0 0
75 1 0 0 0 0 0 0 0 0
76 1 0 0 0 0 0 0 0 0
77 1 0 0 0 0 0 0 0 0
129 1 1 1 0 0 0 0 0 0
131 1 0 0 0 0 0 0 0 0
138 1 0 0 1 0 0 0 0 0
fl=/build/buildd/eglibc-2.19/string/../sysdeps/x86_64/strlen.S
fn=strlen
66 12 1 1 0 0 0 0 0 0
67 12 0 0 0 0 0 0 0 0
68 12 0 0 0 0 0 0 0 0
69 12 0 0 0 0 0 0 0 0
70 12 0 0 0 0 0 0 0 0
71 12 0 0 0 0 0 0 0 0
72 12 0 0 0 0 0 0 0 0
74 12 0 0 0 0 0 0 0 0
76 12 0 0 0 0 0 0 0 0
106 12 0 0 12 3 3 0 0 0
107 12 0 0 0 0 0 0 0 0
108 12 0 0 0 0 0 0 0 0
109 12 0 0 0 0 0 0 0 0
110 12 0 0 0 0 0 0 0 0
111 9 0 0 0 0 0 0 0 0
112 9 1 1 9 0 0 0 0 0
116 3 0 0 0 0 0 0 0 0
117 3 0 0 3 0 0 0 0 0
118 3 0 0 3 2 2 0 0 0
119 3 0 0 3 0 0 0 0 0
120 3 0 0 0 0 0 0 0 0
121 3 0 0 0 0 0 0 0 0
122 3 0 0 0 0 0 0 0 0
123 3 0 0 0 0 0 0 0 0
124 3 0 0 0 0 0 0 0 0
125 3 0 0 0 0 0 0 0 0
126 3 0 0 0 0 0 0 0 0
127 3 0 0 0 0 0 0 0 0
132 24 1 1 3 0 0 0 0 0
fl=/build/buildd/eglibc-2.19/string/../sysdeps/x86_64/strrchr.S
fn=rindex
24 1 1 1 0 0 0 0 0 0
25 1 0 0 0 0 0 0 0 0
26 1 0 0 0 0 0 0 0 0
27 1 0 0 0 0 0 0 0 0
28 1 0 0 0 0 0 0 0 0
29 1 0 0 0 0 0 0 0 0
30 1 0 0 0 0 0 0 0 0
31 1 0 0 0 0 0 0 0 0
32 1 0 0 1 1 0 0 0 0
33 1 0 0 0 0 0 0 0 0
34 1 0 0 0 0 0 0 0 0
35 1 0 0 0 0 0 0 0 0
36 1 0 0 0 0 0 0 0 0
37 1 0 0 0 0 0 0 0 0
38 1 1 1 0 0 0 0 0 0
39 1 0 0 0 0 0 0 0 0
40 1 0 0 0 0 0 0 0 0
41 1 0 0 0 0 0 0 0 0
42 1 0 0 0 0 0 0 0 0
43 1 0 0 0 0 0 0 0 0
44 1 0 0 0 0 0 0 0 0
45 1 0 0 0 0 0 0 0 0
46 1 0 0 0 0 0 0 0 0
47 1 0 0 1 0 0 0 0 0
fl=/build/buildd/eglibc-2.19/time/../sysdeps/generic/dl-hash.h
fn=gettimeofday
43 2 0 0 0 0 0 0 0 0
44 2 2 2 0 0 0 0 0 0
45 26 2 2 8 1 1 0 0 0
48 24 0 0 0 0 0 0 0 0
49 16 0 0 0 0 0 0 0 0
62 16 0 0 0 0 0 0 0 0
67 2 0 0 0 0 0 0 0 0
fn=time
43 1 0 0 0 0 0 0 0 0
44 1 0 0 0 0 0 0 0 0
45 13 0 0 4 1 1 0 0 0
48 12 0 0 0 0 0 0 0 0
49 8 1 1 0 0 0 0 0 0
62 8 0 0 0 0 0 0 0 0
67 1 0 0 0 0 0 0 0 0
fl=/build/buildd/eglibc-2.19/time/../sysdeps/unix/sysv/linux/x86_64/gettimeofday.c
fn=gettimeofday
30 2 0 0 0 0 0 0 0 0
31 14 1 1 0 0 0 8 0 0
34 6 0 0 0 0 0 2 0 0
35 6 0 0 0 0 0 0 0 0
36 6 0 0 2 0 0 0 0 0
fl=/build/buildd/eglibc-2.19/time/../sysdeps/unix/sysv/linux/x86_64/time.c
fn=time
36 1 0 0 0 0 0 0 0 0
37 7 1 1 0 0 0 4 0 0
40 6 1 1 0 0 0 1 0 0
41 3 0 0 1 0 0 0 0 0
fl=???
fn=???
0 5016 82 76 4644 28 10 135 4 2
fn=MakePackedA
0 6280220 51 51 1256048 148810 148492 1179834 147468 147466
fn=__atan2_finite
0 9 0 0 2 0 0 1 0 0
fn=__libc_csu_init
0 34 2 2 8 1 1 8 0 0
fn=__log_finite
0 9 1 1 2 0 0 1 0 0
fn=__sched_cpucount
0 9 1 1 3 0 0 0 0 0
fn=_dl_debug_initialize
0 7 1 1 6 0 0 0 0 0
fn=bli_sgemm_asm_8x8
0 12365737 32 32 1392323 438258 8164 60381 6272 1664
fn=main
0 7653529 20 20 19 7 6 1493532 373250 373250
fn=malloc_aligned4
0 64 1 1 8 1 0 12 1 0
fn=memcpy@GLIBC_2.2.5
0 12 1 1 4 0 0 0 0 0
fn=packed_cblas_gemm
0 14168 18 18 3555 402 0 4758 5 1
fn=sin
0 9 0 0 2 0 0 1 0 0
fn=strassen_make_M7_submatrix
0 6211558 22 22 2355932 233296 209964 937042 7 5
fn=strassen_matrix_multiplication
0 13 3 3 3 0 0 1 0 0
fn=strassen_matrix_multiplication_worker.part.3
0 192 7 7 2 0 0 76 6 6
summary: 34413933 1177 1168 5571339 940974 485951 4288213 669544 664853
